0.0000000000000000	,0.0000000000000000
3.6529514260272076	,0.0000020000000000
3.6554246324380379	,0.0000019862884295
3.6566817478449574	,0.0000050244830889
3.6577453811126435	,0.0000094715662453
3.6586056409142653	,0.0000151356820435
3.6592978257947992	,0.0000217145879176
3.6598987121969828	,0.0000294750783706
3.6604154934125948	,0.0000381726404694
3.6608787148529909	,0.0000480129534217
3.6612917774211700	,0.0000588136504441
3.6616690887000964	,0.0000707200483202
3.6620132906110689	,0.0000836088913095
3.6623272443562107	,0.0000973573183353
3.6626226670998840	,0.0001123084648654
3.6628963772244263	,0.0001281664822543
3.6631549790775408	,0.0001451703964965
3.6633973695042705	,0.0001631218327166
3.6636272274979245	,0.0001821690411148
3.6638445433278450	,0.0002021943736077
3.6640496153663320	,0.0002230882562758
3.6642465402908222	,0.0002451632795994
3.6644337603763755	,0.0002681563638056
3.6646136973864833	,0.0002922712331807
3.6647857966117399	,0.0003173472484564
3.6649513813366728	,0.0003434922360185
3.6651104611261482	,0.0003706242413883
3.6652630577302321	,0.0003986519978957
3.6654109396009265	,0.0004278250313362
3.6655534288918368	,0.0004579418356123
3.6656915307493954	,0.0004891455315010
3.6658250550757292	,0.0005213258616444
3.6659539405083490	,0.0005543874718514
3.6660795229144840	,0.0005886100463546
3.6662011672490262	,0.0006237647305678
3.6663196502016384	,0.0006600173537284
3.6664347388317502	,0.0006972402533118
3.6665463487877759	,0.0007353364162456
3.6666555043058562	,0.0007746012855545
3.6667616631321436	,0.0008147922205230
3.6668654259641063	,0.0008560858488674
3.6669665738133261	,0.0008983463222379
3.6670650191694856	,0.0009414757684425
3.6671615617279540	,0.0009857770143991
3.6672557533019012	,0.0010310028191894
3.6673480589879057	,0.0010773317248094
3.6674382907702712	,0.0011246263376071
3.6675263706058909	,0.0011727913089292
3.6676129244608164	,0.0012221267225949
3.6676975907390030	,0.0012723893834938
3.6677807270900331	,0.0013237516168636
3.6678621842845676	,0.0013760825983585
3.6679418955137635	,0.0014292908422810
3.6680203446204969	,0.0014836613873742
3.6680972538180603	,0.0015389679950041
3.6681728875265454	,0.0015953647461529
3.6682471364517015	,0.0016527348100942
3.6683199506077053	,0.0017109961480679
3.6683916934207073	,0.0017704052695282
3.6684621611613228	,0.0018307622325187
3.6685315414736106	,0.0018921948560736
3.6685997658070950	,0.0019546097270546
3.6686667955671104	,0.0020179326573107
3.6687328973788396	,0.0020823842432569
3.6687979284129568	,0.0021477959305720
3.6688618341981738	,0.0022140736979500
3.6689249494037273	,0.0022815345929459
3.6689870616435485	,0.0023499255699386
3.6690483518716714	,0.0024194170809799
3.6691087318349171	,0.0024898811138428
3.6691681638188953	,0.0025612385748752
3.6692268836200279	,0.0026337449608728
3.6692847530647468	,0.0027072044840151
3.6693417230648007	,0.0027815195170154
3.6693980765408498	,0.0028570324316952
3.6694536254667338	,0.0029334686674063
3.6695085234015004	,0.0030110139039453
3.6695626889363315	,0.0030895285181964
3.6696160895098453	,0.0031689337878196
3.6696689175184254	,0.0032494911117568
3.6697210568110123	,0.0033310009751281
3.6697724675137300	,0.0034133693951335
3.6698233741665569	,0.0034969322141799
3.6698736268319214	,0.0035814229425480
3.6699233424142612	,0.0036670150552169
3.6699724590347373	,0.0037535796453221
3.6700209519128348	,0.0038410448895020
3.6700689651961671	,0.0039296485086653
3.6701164123949477	,0.0040192102840255
3.6701632642004567	,0.0041096467022437
3.6702096868805505	,0.0042012571302114
3.6702555732977040	,0.0042938111923110
3.6703010012288049	,0.0043874447599972
3.6703459335945436	,0.0044820605741891
3.6703903541825529	,0.0045775995917549
3.6704343588085080	,0.0046742476247517
3.6704778936101250	,0.0047718668914751
3.6705209397782852	,0.0048703903781725
3.6705636075587593	,0.0049700508102823
3.6706058297479944	,0.0050706730121753
3.6706475854348191	,0.0051721824674169
3.6706889957029838	,0.0052748545385762
3.6707299834463263	,0.0053784810374507
3.6707705259615158	,0.0054829801348808
3.6708107516157482	,0.0055886642559855
3.6708505764285944	,0.0056952968120725
3.6708899769654546	,0.0058027909707604
3.6709290853090391	,0.0059114891952705
3.6709678123161553	,0.0060211286856067
3.6710062173571942	,0.0061318600322894
3.6710442692972798	,0.0062435762964385
3.6710819582318441	,0.0063562276150364
3.6711193462925227	,0.0064699827452377
3.6711563989123226	,0.0065847200656805
3.6711931065194312	,0.0067003895733513
3.6712295313167354	,0.0068171708412532
3.6712656377178758	,0.0069349339532748
3.6713014165226721	,0.0070536290418451
3.6713369276910495	,0.0071734390525772
3.6713721365576970	,0.0072942316974219
3.6714070348681349	,0.0074159593577090
3.6714416783631436	,0.0075388009398830
3.6714760349923945	,0.0076626278663402
3.6715100977990147	,0.0077873964018834
3.6715439161355103	,0.0079132722085085
3.6715774140854318	,0.0080399566162979
3.6716106832468105	,0.0081677723102071
3.6716437160923077	,0.0082966828991366
3.6716764909488599	,0.0084265893054477
3.6717090026943526	,0.0085574539674814
3.6717411942667377	,0.0086890267919044
3.6717732338536537	,0.0088219755443029
3.6718050241656712	,0.0089558913937840
3.6718365129775736	,0.0090905348600455
3.6718678077262012	,0.0092263448071524
3.6718989091503857	,0.0093633135444412
3.6719296822416223	,0.0095008333679790
3.6719603480567971	,0.0096398736852374
3.6719908581769416	,0.0097802124403879
3.6720209934060764	,0.0099208253606284
3.6720509700690522	,0.0100626944548711
3.6720807803633089	,0.0102057770683970
3.6721103752750501	,0.0103498270926662
3.6721397476362090	,0.0104947928873252
3.6721689511952280	,0.0106409271259923
3.6721979508176226	,0.0107880425778982
3.6722267425392552	,0.0109361033972617
3.6722553628826358	,0.0110852849674975
3.6722837902515768	,0.0112354627649066
3.6723120214323455	,0.0113866050223976
3.6723400498451864	,0.0115386604822404
3.6723679264823210	,0.0116918938766263
3.6723956174889025	,0.0118461084475202
3.6724231198260897	,0.0120012723307278
3.6724504653479038	,0.0121575534274367
3.6724776353357464	,0.0123148333461690
3.6725046270403925	,0.0124730822082953
3.6725314359084300	,0.0126322582796109
3.6725581027823062	,0.0127925927256911
3.6725846011075824	,0.0129539154367063
3.6726109284547293	,0.0131161976622952
3.6726370790962064	,0.0132793890799498
3.6726631001422203	,0.0134437727519019
3.6726889596062011	,0.0136091369937329
3.6727146553211965	,0.0137754540956256
3.6727401808183098	,0.0139426672984362
3.6727655868089579	,0.0141110982379586
3.6727908381130177	,0.0142805047522441
3.6728159325519538	,0.0144508585604336
3.6728408980855880	,0.0146223388630653
3.6728657175745449	,0.0147948177682900
3.6728903891408526	,0.0149682696167228
3.6729149106456034	,0.0151426659642549
3.6729393101584051	,0.0153181961480837
3.6729635700830738	,0.0154947237812022
3.6729876887338531	,0.0156722242711223
3.6730116643316140	,0.0158506714593627
3.6730355231003804	,0.0160302504947138
3.6730592486419682	,0.0162108283707838
3.6730828394324648	,0.0163923815117522
3.6731062941389738	,0.0165748870073888
3.6731296081712879	,0.0167582956981069
3.6731528229943540	,0.0169429243693801
3.6731759095231662	,0.0171285337184204
3.6731988665800746	,0.0173151020929882
3.6732216909784063	,0.0175025907218472
3.6732444169210323	,0.0176912713273117
3.6732670208638281	,0.0178809402290775
3.6732895017309373	,0.0180715767292859
3.6733118579572897	,0.0182631552990853
3.6733341152946482	,0.0184558874906238
3.6733562567693232	,0.0186496177721157
3.6733782814283296	,0.0188443266949347
3.6734001884444223	,0.0190399953182170
3.6734219753692208	,0.0192365895786896
3.6734436731221067	,0.0194343798164682
3.6734652601817794	,0.0196331621373741
3.6734867358066277	,0.0198329187262282
3.6735080993884015	,0.0200336324893567
3.6735293482110891	,0.0202352659410586
3.6735505146675429	,0.0204381181727773
3.6735715757367240	,0.0206419613930528
3.6735925308914750	,0.0208467797714749
3.6736133795670547	,0.0210525566580470
3.6736341195899982	,0.0212592589994465
3.6736547813560452	,0.0214671817450059
3.6736753431084170	,0.0216760990153114
3.6736958044543395	,0.0218859964566286
3.6737161650552128	,0.0220968598877646
3.6737364236905456	,0.0223086655864641
3.6737566054745554	,0.0225216683259877
3.6737766926574342	,0.0227356737072446
3.6737966849565122	,0.0229506688232607
3.6738165821931319	,0.0231666415595072
3.6738363841378714	,0.0233835789478329
3.6738560893453078	,0.0236014543309949
3.6738757247073637	,0.0238205577023979
3.6738952706516006	,0.0240406642403528
3.6739147270439729	,0.0242617628201134
3.6739340938810305	,0.0244838435484979
3.6739533711695036	,0.0247068964328138
3.6739725580803677	,0.0249309015575692
3.6739916779805140	,0.0251561246627379
3.6740107137757692	,0.0253823580354631
3.6740296654585967	,0.0256095924006243
3.6740485331440822	,0.0258378197629028
3.6740673169163913	,0.0260670315969862
3.6740860169874336	,0.0262972207836951
3.6741046327332398	,0.0265283697611237
3.6741231866577975	,0.0267607513212532
3.6741416618487337	,0.0269941476970146
3.6741600585149521	,0.0272285527238596
3.6741783768677907	,0.0274639601655239
3.6741966171322060	,0.0277003638678472
3.6742147795875004	,0.0279377582993137
3.6742328645541300	,0.0281761384072587
3.6742508718320162	,0.0284154922062730
3.6742688219678405	,0.0286560866163066
3.6742866991033600	,0.0288977034650771
3.6743045035297666	,0.0291403383282681
3.6743222355693579	,0.0293839871638366
3.6743398955699287	,0.0296286462533595
3.6743574838871078	,0.0298743119732267
3.6743750009627751	,0.0301209819039782
3.6743924472558587	,0.0303686538903797
3.6744098231830167	,0.0306173252120919
3.6744271290548527	,0.0308669916540301
3.6744443825909281	,0.0311179031765493
3.6744615694820020	,0.0313698463710345
3.6744786901326223	,0.0316228193142047
3.6744957449490570	,0.0318768201359953
3.6745127343430517	,0.0321318470828131
3.6745296588149654	,0.0323878997734179
3.6745465188102204	,0.0326449770649153
3.6745633147864325	,0.0329030780595614
3.6745800472078418	,0.0331622020272313
3.6745967166170757	,0.0334223495293480
3.6746133235018004	,0.0336835203668325
3.6746298683936178	,0.0339457151205336
3.6746463518295460	,0.0342089345650154
3.6746627743200180	,0.0344731791569082
3.6746791364300475	,0.0347384503377780
3.6746954386553732	,0.0350047485480691
3.6747116815822367	,0.0352720758183138
3.6747278657315769	,0.0355404332352288
3.6747439916329987	,0.0358098221490780
3.6747600597689640	,0.0360802432435495
3.6747760857332468	,0.0363519544432378
3.6747920553812392	,0.0366247115581923
3.6748079691337643	,0.0368985147046359
3.6748238274318528	,0.0371733644293878
3.6748396307083282	,0.0374492612246652
3.6748553793883030	,0.0377262055356968
3.6748710739176849	,0.0380041982587928
3.6748867147256807	,0.0382832400879770
3.6749023022250031	,0.0385633315087664
3.6749178368073347	,0.0388444727132034
3.6749333188904201	,0.0391266644454847
3.6749487487821120	,0.0394099055233627
3.6749641133376145	,0.0396939452177901
3.6749794272861567	,0.0399790465596983
3.6749946910617237	,0.0402652112022389
3.6750099050897829	,0.0405524407482037
3.6750250698034748	,0.0408407370485070
3.6750401855749888	,0.0411301008997259
3.6750552528059419	,0.0414205337462573
3.6750702718824084	,0.0417120368260108
3.6750852431303298	,0.0420046102931971
3.6751001668868701	,0.0422982545847375
3.6751150434991895	,0.0425929704027183
3.6751298732414841	,0.0428887570675698
3.6751446564173045	,0.0431856145287713
3.6751593933028905	,0.0434835422364762
3.6751740841603908	,0.0437825393948117
3.6751887292220822	,0.0440826046297520
3.6752033287011221	,0.0443837361913794
3.6752178827970159	,0.0446859320559721
3.6752323914771696	,0.0449891853663499
3.6752468429294192	,0.0452952404751756
3.6752612548206884	,0.0455984609458283
3.6752756178405681	,0.0459046444357989
3.6752899415446234	,0.0462119881115200
3.6753042229478061	,0.0465204231049936
3.6753184621348942	,0.0468299457268452
3.6753326591807265	,0.0471405520201103
3.6753468141406276	,0.0474522375423392
3.6753609270467162	,0.0477649972704937
3.6753749976307510	,0.0480788194209503
3.6753890146192743	,0.0483954441392835
3.6754029943077167	,0.0487092293938859
3.6754169308605564	,0.0490260385925415
3.6754308299601193	,0.0493439951750828
3.6754446896363344	,0.0496630493301676
3.6754585097695247	,0.0499831930207168
3.6754722902283885	,0.0503044177778689
3.6754860303239032	,0.0506267019219416
3.6754997204493285	,0.0509518120509967
3.6755133747459037	,0.0512740745924322
3.6755269899158112	,0.0515994066770603
3.6755405687405887	,0.0519278695618331
3.6755541106813441	,0.0522534455403807
3.6755676132417960	,0.0525820690555148
3.6755810662857011	,0.0529134851115084
3.6755944849131379	,0.0532440560030553
3.6756078678897275	,0.0535757471175486
3.6756212152795973	,0.0539085554246554
3.6756345266744836	,0.0542424659681329
3.6756478013215164	,0.0545774547912117
3.6756610283549622	,0.0549132399138200
3.6756742220835426	,0.0552501773545893
3.6756873819704046	,0.0555882493058313
3.6757005074707645	,0.0559274373534049
3.6757135979534228	,0.0562677204310991
3.6757266410973370	,0.0566087705766412
3.6757396524492054	,0.0569509870088719
3.6757526313395563	,0.0572943483022073
3.6757655770739679	,0.0576388318824389
3.6757784886454168	,0.0579844063268604
3.6757913550472736	,0.0583307695778936
3.6758041907346275	,0.0586783038331675
3.6758169948918220	,0.0590269832913156
3.6758297666726425	,0.0593767807341841
3.6758425043361500	,0.0597276437627986
3.6758552006014753	,0.0600793646698625
3.6758678667347007	,0.0604322493284472
3.6758805017612803	,0.0607862667532545
3.6758931039881184	,0.0611413650796085
3.6759056648560069	,0.0614972960406243
3.6759181967192429	,0.0618544034219342
3.6759306984634468	,0.0622126518599469
3.6759431682032404	,0.0625719830530168
3.6759555977120657	,0.0629321529890061
3.6759679990274052	,0.0632935043546382
3.6759803708939738	,0.0636559970518523
3.6759927110197066	,0.0640195596406796
3.6760050130393860	,0.0643839978317573
3.6760172873239849	,0.0647496131072824
3.6760295321804350	,0.0651163514145998
3.6760417364240796	,0.0654838709773406
3.6760539145255868	,0.0658526012489456
3.6760660649557004	,0.0662224928840436
3.6760781851367859	,0.0665934634643068
3.6760902686651997	,0.0669653104419397
3.6761023258471015	,0.0673383454184048
3.6761143543068888	,0.0677124914052365
3.6761263451287371	,0.0680874645655385
3.6761383107447068	,0.0684636478869145
3.6761502489049089	,0.0688409675171816
3.6761621490163958	,0.0692190822377412
3.6761740248736237	,0.0695984244492306
3.6761858741868103	,0.0699789181612503
3.6761976856579954	,0.0703601942836208
3.6762094736093731	,0.0707427092433023
3.6762212355340451	,0.0711263789943386
3.6762329604529893	,0.0715108392229926
3.6762446623415799	,0.0718965424312318
3.6762563383182636	,0.0722833909616960
3.6762679787062029	,0.0726710581323937
3.6762795962952111	,0.0730599644051228
3.6762911877134545	,0.0734499941040816
3.6763027454669395	,0.0738408891142871
3.6763142803683522	,0.0742330100003564
3.6763257885437706	,0.0746262219981235
3.6763372653660045	,0.0750203611845235
3.6763487185028891	,0.0754156861071935
3.6763601369215704	,0.0758118102313492
3.6763715342874992	,0.0762092022709482
3.6763829065606934	,0.0766077188845831
3.6763942474918037	,0.0770071354251774
3.6764055660745996	,0.0774077638604303
3.6764168506041957	,0.0778091844185171
3.6764281151075293	,0.0782118908220949
3.6764393550892596	,0.0786157200582409
3.6764505652205193	,0.0790204752071195
3.6764617530128070	,0.0794264228935629
3.6764729090740316	,0.0798332170166117
3.6764840450619332	,0.0802412778290188
3.6764951475328362	,0.0806501076643234
3.6765062316148454	,0.0810602584282066
3.6765172921867437	,0.0814715386785565
3.6765283246345644	,0.0818837716519887
3.6765393350155198	,0.0822971793157366
3.6765503164206903	,0.0827114971957762
3.6765612770947751	,0.0831270319119999
3.6765722081413368	,0.0835434412916400
3.6765831196362919	,0.0839611046566238
3.6765940010839162	,0.0843796155431293
3.6766048639414906	,0.0847994100512093
3.6766156966028092	,0.0852200351197937
3.6766265113952237	,0.0856419648469617
3.6766372961183515	,0.0860647188587786
3.6766480634152847	,0.0864887882208335
3.6766588010620582	,0.0869136872276467
3.6766695214469358	,0.0873399016358499
3.6766802128874878	,0.0877669628017381
3.6766908869283719	,0.0881953275193842
3.6767015329710757	,0.0886245663097537
3.6767121612246401	,0.0890550865845210
3.6767227643071911	,0.0894865853413833
3.6767333421917052	,0.0899190554492320
3.6767438997328821	,0.0903526927436764
3.6767544379922650	,0.0907875372237823
3.6767649521902781	,0.0912233874566741
3.6767754461562503	,0.0916603983696415
3.6767859233446356	,0.0920987101434246
3.6767963569866939	,0.0925371964247644
3.6768067843840462	,0.0929774181321829
3.6768171870024475	,0.0934185917896600
3.6768275716038534	,0.0938610004400135
3.6768379330553693	,0.0943044215066467
3.6768482674956227	,0.0947486836760506
3.6768585927152233	,0.0951945483928023
3.6768688802474454	,0.0956407824051661
3.6768791586922882	,0.0960886209856109
3.6768894147022890	,0.0965374808328524
3.6768996456853404	,0.0969872427679803
3.6769098613985918	,0.0974383321685478
3.6769200547253540	,0.0978904315244356
3.6769302245469597	,0.0983434855403317
3.6769403740515045	,0.0987976310334939
3.6769505060143288	,0.0992529905817075
3.6769606204513088	,0.0997095600457147
3.6769707141660954	,0.1001671947926975
3.6769807861020869	,0.1006258404292550
3.6769908337238966	,0.1010853757988364
3.6770008682713815	,0.1015463117435424
3.6770108815539202	,0.1020082693726910
3.6770208729555995	,0.1024712149472876
3.6770308465455139	,0.1029353320384770
3.6770408025187580	,0.1034006292689376
3.6770507446546437	,0.1038672784674686
3.6770606483256079	,0.1043341183058587
3.6770705446517740	,0.1048026076847998
3.6770804242057373	,0.1052723025788082
3.6770902830424936	,0.1057430102371060
3.6771001190590002	,0.1062146247922159
3.6771099443123787	,0.1066877217112997
3.6771197497830834	,0.1071618647505053
3.6771295351895450	,0.1076370354694558
3.6771393076536008	,0.1081135754216333
3.6771490604968338	,0.1085911598460240
3.6771587979360612	,0.1090699894332871
3.6771685073994012	,0.1095494404827479
3.6771782091325091	,0.1100305086456875
3.6771878769173290	,0.1105118897186365
3.6771975315219776	,0.1109946099752040
3.6772071775263324	,0.1114788986129077
3.6772168051364984	,0.1119642626859515
3.6772264142908173	,0.1124506947485146
3.6772360049569404	,0.1129381887544422
3.6772455840949330	,0.1134270947476366
3.6772551298737737	,0.1139162941706445
3.6772646650443517	,0.1144069453009667
3.6772741905583697	,0.1148990962530970
3.6772837022761364	,0.1153925354229529
3.6772931917767853	,0.1158868195625478
3.6773026703418417	,0.1163825342184104
3.6773121243912903	,0.1168789639787075
3.6773215654397582	,0.1173767098567993
3.6773309896146165	,0.1178755640277062
3.6773404023727894	,0.1183758120772267
3.6773497877051056	,0.1188765991951642
3.6773591622470589	,0.1193788078939242
3.6773685264984741	,0.1198824630374929
3.6773778629439420	,0.1203866190277746
3.6773871954463995	,0.1208925596590985
3.6773965008012999	,0.1213990249329032
3.6774057965677414	,0.1219069653940638
3.6774150771643828	,0.1224160740873229
3.6774243477365638	,0.1229266306876704
3.6774335942860716	,0.1234378610543363
3.6774428346474446	,0.1239507478956612
3.6774520537681354	,0.1244644529330015
3.6774612643787212	,0.1249796833216104
3.6774704573171046	,0.1254959228015803
3.6774796380506971	,0.1260134775828361
3.6774888044583838	,0.1265322244448060
3.6774979527253868	,0.1270519417468530
3.6775070735770208	,0.1275720969900411
3.6775161938115679	,0.1280942135645578
3.6775252937515215	,0.1286171650127468
3.6775343853543312	,0.1291416362926248
3.6775434651223686	,0.1296674240542977
3.6775525275054410	,0.1301942021323341
3.6775615625429610	,0.1307213860420052
3.6775705974307673	,0.1312505578738220
3.6775796175510456	,0.1317808620526725
3.6775886272544929	,0.1323125544676403
3.6775976190684401	,0.1328451881385273
3.6776065901604942	,0.1333785903300019
3.6776155579303249	,0.1339137934755673
3.6776245130144622	,0.1344502374012468
3.6776334394800969	,0.1349869627486071
3.6776423657586559	,0.1355256740452507
3.6776512808060602	,0.1360657052644098
3.6776601674803899	,0.1366060135269233
3.6776690541972181	,0.1371483215335223
3.6776779298286564	,0.1376919507848668
3.6776867804359159	,0.1382360434455431
3.6776956296398642	,0.1387820484224415
3.6777044618109582	,0.1393289992313377
3.6777132836806610	,0.1398773090454241
3.6777220778169117	,0.1404258902075899
3.6777308724693683	,0.1409764991202634
3.6777396557143760	,0.1415283902829149
3.6777484245577923	,0.1420813731200290
3.6777571690445150	,0.1426348147345173
3.6777659139940519	,0.1431902812092151
3.6777746459804850	,0.1437469205426825
3.6777833690123853	,0.1443049859987039
3.6777920762510812	,0.1448640376079741
3.6778007592780932	,0.1454235292898415
3.6778094421671659	,0.1459850068381217
3.6778181134971328	,0.1465477329592144
3.6778267740599433	,0.1471117564627862
3.6778354246966112	,0.1476771303125730
3.6778440604465286	,0.1482435276230689
3.6778526846743618	,0.1488111652409396
3.6778612973738900	,0.1493800400847717
3.6778698985444507	,0.1499501494333504
3.6778784881857463	,0.1505214905858918
3.6778870662978509	,0.1510940608627284
3.6778956328812074	,0.1516678576053512
3.6779041879366248	,0.1522428781765086
3.6779127359372619	,0.1528194210622252
3.6779212700844690	,0.1533970259961737
3.6779297919632841	,0.1539757966174966
3.6779383096657403	,0.1545562806565458
3.6779468098855905	,0.1551375698624731
3.6779553068843840	,0.1557206362818407
3.6779637858416701	,0.1563044613888661
3.6779722513668269	,0.1568893573264476
3.6779807090973415	,0.1574757102611855
3.6779891636124300	,0.1580638377580934
3.6779975999658969	,0.1586526985217050
3.6780060329951718	,0.1592433243861486
3.6780144533382750	,0.1598350589426572
3.6780228638577332	,0.1604280995690274
3.6780312628805429	,0.1610223265175516
3.6780396490703797	,0.1616176419104073
3.6780480304910892	,0.1622146158373363
3.6780563925088350	,0.1628122040506416
3.6780647497373056	,0.1634114460420691
3.6780731013913894	,0.1640122855835948
3.6780814461799527	,0.1646146289941316
3.6780897735332521	,0.1652177108412904
3.6780980945888588	,0.1658223335143183
3.6781064081740000	,0.1664284113819564
3.6781147067353062	,0.1670353909226680
3.6781229967749560	,0.1676437436422712
3.6781312797076815	,0.1682535719554355
3.6781395550388818	,0.1688648385833910
3.6781478108275034	,0.1694766580416862
3.6781560630458010	,0.1700902090034823
3.6781643099406693	,0.1707053612899249
3.6781725462273314	,0.1713217188966415
3.6781807747676507	,0.1719394946321731
3.6781889948844384	,0.1725586362907510
3.6781972010185258	,0.1731787217936087
3.6782053989672536	,0.1738001853606875
3.6782135886025253	,0.1744230155305460
3.6782217699287330	,0.1750472108400203
3.6782299430493306	,0.1756727774075716
3.6782381080317075	,0.1762997186739420
3.6782462648183354	,0.1769280284886556
3.6782544134574802	,0.1775577088047530
3.6782625537715634	,0.1781887441316872
3.6782706756714032	,0.1788203484244516
3.6782787954408875	,0.1794537831842896
3.6782869121817119	,0.1800889791596506
3.6782950100381608	,0.1807246938899251
3.6783031048787902	,0.1813621685208809
3.6783111960617458	,0.1820013526391364
3.6783192743822553	,0.1826415177652768
3.6783273445447686	,0.1832830334347621
3.6783354064654707	,0.1839258909717103
3.6783434603571226	,0.1845701053227552
3.6783515061187404	,0.1852156664283407
3.6783595390751596	,0.1858621965589016
3.6783675688632953	,0.1865104686098302
3.6783755956734390	,0.1871604979325410
3.6783836095738880	,0.1878114791625964
3.6783916155582457	,0.1884638144305154
3.6783996138380850	,0.1891175190208466
3.6784076042537697	,0.1897725779757346
3.6784155887127072	,0.1904291464520714
3.6784235639797038	,0.1910869569091178
3.6784315324459165	,0.1917462054160921
3.6784394929991535	,0.1924067969332975
3.6784474484891443	,0.1930689661664762
3.6784553902168451	,0.1937319863452227
3.6784633276415426	,0.1943966449688878
3.6784712574849019	,0.1950626660056342
3.6784791851317018	,0.1957305004317794
3.6784870944321266	,0.1963987861915134
3.6784950035001374	,0.1970690494753264
3.6785029065068948	,0.1977407971944061
3.6785107977711129	,0.1984135432204765
3.6785186840204429	,0.1990878598626084
3.6785265629155304	,0.1997635450325214
3.6785344395341717	,0.2004410328859873
3.6785422985740102	,0.2011190055732216
3.6785501583842346	,0.2017990420188409
3.6785580094703874	,0.2024803203258477
3.6785658532665542	,0.2031629635964632
3.6785736899372399	,0.2038469841340132
3.6785815197532830	,0.2045324037007902
3.6785893368913340	,0.2052187100325688
3.6785971535766011	,0.2059069736393485
3.6786049657606288	,0.2065968388961104
3.6786127682709839	,0.2072878468312014
3.6786205640468563	,0.2079802557044517
3.6786283525171086	,0.2086740129798669
3.6786361354135697	,0.2093692727227923
3.6786439142768779	,0.2100661701526101
3.6786516834354432	,0.2107641951570139
3.6786594459203834	,0.2114636179127739
3.6786672026965364	,0.2121645253913405
3.6786749550499058	,0.2128670312504872
3.6786826981747103	,0.2135706977407127
3.6786904349387490	,0.2142757835806151
3.6786981659884792	,0.2149823478028318
3.6787058925956932	,0.2156905040555845
3.6787136065757071	,0.2163994994249993
3.6787213180128506	,0.2171102586257483
3.6787290250575091	,0.2178226107500650
3.6787367240338980	,0.2185362138092059
3.6787444128280944	,0.2192508700776080
3.6787520998583880	,0.2199673599300656
3.6787597789429269	,0.2206851051774852
3.6787674532082075	,0.2214043984736750
3.6787751213331203	,0.2221251136851157
3.6787827892326304	,0.2228478058892542
3.6787904432751244	,0.2235711900343119
3.6787980933353563	,0.2242961959899889
3.6788057421369413	,0.2250230806963235
3.6788133807327932	,0.2257509948698925
3.6788210160358981	,0.2264805932567231
3.6788286381517139	,0.2272109280494881
3.6788362603801175	,0.2279432711280367
3.6788438727024766	,0.2286766586783276
3.6788514816793700	,0.2294117219247338
3.6788590896600573	,0.2301486869958534
3.6788666873358546	,0.2308866531842424
3.6788742827085916	,0.2316263936545160
3.6788818640987739	,0.2323667690243705
3.6788894468090310	,0.2331092706651853
3.6788970183129450	,0.2338526713307399
3.6789045882117768	,0.2345979121154785
3.6789121504472089	,0.2353443943834057
3.6789197086521503	,0.2360924771502336
3.6789272658460384	,0.2368424578840502
3.6789348133929405	,0.2375934804614419
3.6789423583201759	,0.2383462403424523
3.6789498902819413	,0.2390997032574432
3.6789574232800772	,0.2398552672590168
3.6789649457506624	,0.2406117716568382
3.6789724665499492	,0.2413701057561150
3.6789799800342640	,0.2421296981551936
3.6789874897122501	,0.2428909040886325
3.6789949985721830	,0.2436540251415243
3.6790024980007079	,0.2444181868473768
3.6790099952985931	,0.2451841294146483
3.6790174796616943	,0.2459507472195932
3.6790249655336953	,0.2467195169347144
3.6790324406042729	,0.2474891737427047
3.6790399144875341	,0.2482607059300107
3.6790473852095507	,0.2490339095881375
3.6790548448929137	,0.2498079671644153
3.6790623048024083	,0.2505840459188413
3.6790697557361876	,0.2513611870265979
3.6790772041860427	,0.2521400670420254
3.6790846496348566	,0.2529206310172623
3.6790920854525457	,0.2537021815312961
3.6790995192501437	,0.2544855175962211
3.6791069498898330	,0.2552705185340011
3.6791143708229406	,0.2560564903100290
3.6791217906671441	,0.2568443445819004
3.6791292033490013	,0.2576334342162298
3.6791366129830858	,0.2584241976461051
3.6791440190841631	,0.2592165816702942
3.6791514171666653	,0.2600101037843621
3.6791588127456483	,0.2608053554463762
3.6791662054265308	,0.2616022932269690
3.6791735891632209	,0.2624002629769218
3.6791809709618817	,0.2632000212128446
3.6791883505372183	,0.2640015364638178
3.6791957201926535	,0.2648039706391044
3.6792030889153811	,0.2656083011185031
3.6792104508224450	,0.2664138834862920
3.6792178099448583	,0.2672211593747620
3.6792251658723547	,0.2680300824516067
3.6792325140315540	,0.2688401472543976
3.6792398599964029	,0.2696519682193543
3.6792472034469230	,0.2704655091127511
3.6792545381439208	,0.2712800764241317
3.6792618712386465	,0.2720964637199087
3.6792692015831867	,0.2729145424149139
3.6792765231116609	,0.2737336334669431
3.6792838436894968	,0.2745546159875715
3.6792911616334587	,0.2753773007790578
3.6792984702917759	,0.2762009379940235
3.6793057793846571	,0.2770266220224014
3.6793130809192305	,0.2778534482189887
3.6793203805812595	,0.2786820604316974
3.6793276809452782	,0.2795127505535847
3.6793349724617168	,0.2803444330795961
3.6793422640692293	,0.2811781240233666
3.6793495436081693	,0.2820124323156739
3.6793568232544951	,0.2828487498285829
3.6793641032905291	,0.2836871101913075
3.6793713752793260	,0.2845265428391917
3.6793786433524853	,0.2853675209652649
3.6793859121005648	,0.2862105753286803
3.6793931726051259	,0.2870546726217929
3.6794004294062299	,0.2879003368322138
3.6794076832787543	,0.2887476574526774
3.6794149326043781	,0.2895964444440749
3.6794221784305088	,0.2904468191894066
3.6794294216147887	,0.2912988816641566
3.6794366600674393	,0.2921523850886388
3.6794438952103028	,0.2930074957661757
3.6794511279933118	,0.2938643254088025
3.6794583558775744	,0.2947225723588009
3.6794655806641421	,0.2955824490407920
3.6794728017556375	,0.2964438832970518
3.6794800193780177	,0.2973069011749854
3.6794872341214733	,0.2981715724168308
3.6794944450911471	,0.2990377887542738
3.6795016527585580	,0.2999056058738091
3.6795088577475825	,0.3007750981524090
3.6795160589166458	,0.3016461268375443
3.6795232569383445	,0.3025187722964073
3.6795304524648818	,0.3033931129367959
3.6795376441555745	,0.3042689848908274
3.6795448328496674	,0.3051464893640913
3.6795520192042304	,0.3060257059680336
3.6795592017482726	,0.3069064537970862
3.6795663814306048	,0.3077888481901806
3.6795735588985550	,0.3086729681602724
3.6795807326330343	,0.3095586256659839
3.6795879036255146	,0.3104459421249132
3.6795950725110731	,0.3113349956133043
3.6796022377810060	,0.3122255981231019
3.6796094004202384	,0.3131178711230286
3.6796165610127241	,0.3140118868738423
3.6796237181734952	,0.3149074715600088
3.6796308728038962	,0.3158047370796198
3.6796380254164269	,0.3167037472291181
3.6796451748369510	,0.3176043535377296
3.6796523218152144	,0.3185066496447330
3.6796594667908966	,0.3194106905783776
3.6796666108102869	,0.3203166086748600
3.6796737505105170	,0.3212239767657578
3.6796808882758403	,0.3221330965593376
3.6796880249937427	,0.3230440810076088
3.6796951578019499	,0.3239565639857904
3.6797022887397253	,0.3248708052369036
3.6797094184940415	,0.3257868927012396
3.6797165448238687	,0.3267045376402394
3.6797236693288733	,0.3276239450938943
3.6797307924937690	,0.3285451774133684
3.6797379127806780	,0.3294680348981557
3.6797450312816835	,0.3303926583485270
3.6797521483958020	,0.3313190993330954
3.6797592650141446	,0.3322474739690771
3.6797663779646661	,0.3331773677445440
3.6797734895502505	,0.3341090806381878
3.6797806003169864	,0.3350426842015407
3.6797877082030213	,0.3359779069674789
3.6797948147371478	,0.3369149493060825
3.6798019202971308	,0.3378538609347831
3.6798090257606257	,0.3387947580932514
3.6798161277575896	,0.3397371938389293
3.6798232287782642	,0.3406814975897547
3.6798303292345520	,0.3416277242304410
3.6798374272497090	,0.3425756229333304
3.6798445242822790	,0.3435253878237544
3.6798516206878467	,0.3444770664879519
3.6798587170618808	,0.3454307390874891
3.6798658106983368	,0.3463860412671039
3.6798729036902147	,0.3473432541033762
3.6798799963795505	,0.3483024239073338
3.6798870894969031	,0.3492636499411264
3.6798941797123250	,0.3502264802839848
3.6799012695967162	,0.3511912631802950
3.6799083594815625	,0.3521580440165981
3.6799154501487239	,0.3531269299975963
3.6799225379205813	,0.3540974179629138
3.6799296256538625	,0.3550698981681615
3.6799367136760783	,0.3560444159307539
3.6799438027118168	,0.3570210715503740
3.6799508890510055	,0.3579993532558654
3.6799579756285237	,0.3589796653615023
3.6799650627613554	,0.3599620521769459
3.6799721510001699	,0.3609465907558836
3.6799792369606608	,0.3619328103916390
3.6799863234207315	,0.3629210969853807
3.6799934106862739	,0.3639114937143134
3.6800004990625323	,0.3649040439704905
3.6800075897210207	,0.3658989128706435
3.6800146771668394	,0.3668953288749943
3.6800217656603782	,0.3678938898298620
3.6800288554956992	,0.3688946379253352
3.6800359473325606	,0.3698976673109775
3.6800430369398276	,0.3709023789494426
3.6800501278289497	,0.3719092696906142
3.6800572202870678	,0.3729183810857942
3.6800643146008261	,0.3739297548939324
3.6800714116950819	,0.3749435242241975
3.6800785062386252	,0.3759589269581320
3.6800856025737989	,0.3769765836522521
3.6800927009786397	,0.3779965351425670
3.6800998017312745	,0.3790188225424198
3.6801069058198124	,0.3800435895432034
3.6801140074012904	,0.3810699927034279
3.6801211112698913	,0.3820987239646100
3.6801282176962125	,0.3831298236315737
3.6801353269509502	,0.3841633322752386
3.6801424398093894	,0.3851993641424597
3.6801495506409498	,0.3862370984913845
3.6801566642478658	,0.3872772352959644
3.6801637808950263	,0.3883198145345374
3.6801709008473487	,0.3893648764301005
3.6801780243837623	,0.3904124635035717
3.6801851468251807	,0.3914618870297507
3.6801922725301779	,0.3925137885951353
3.6801994017597801	,0.3935682080843620
3.6802065347751736	,0.3946251856365199
3.6802136718342409	,0.3956847611304218
3.6802208133250374	,0.3967469940132278
3.6802279536882359	,0.3978110567357024
3.6802350980706628	,0.3988777155904293
3.6802422467320937	,0.3999470109504872
3.6802493999287735	,0.4010189828823857
3.6802565579155178	,0.4020936714547097
3.6802637209483371	,0.4031711171301370
3.6802708901845471	,0.4042514962829659
3.6802780573373912	,0.4053335594429505
3.6802852295398805	,0.4064183824268353
3.6802924070489245	,0.4075060060290577
3.6802995901220137	,0.4085964713415146
3.6803067790164197	,0.4096898196308948
3.6803139739898314	,0.4107860924337541
3.6803211764376269	,0.4118855049955832
3.6803283766783919	,0.4129865787681260
3.6803355830376114	,0.4140905856593628
3.6803427957769652	,0.4151975680059946
3.6803500151588762	,0.4163075684616063
3.6803572414485481	,0.4174206303093795
3.6803644749126621	,0.4185367972631424
3.6803717163512641	,0.4196541956124678
3.6803789676761012	,0.4207791215666910
3.6803862041519846	,0.4219017451751472
3.6803934591899075	,0.4230292445293595
3.6804007220300154	,0.4241599546653140
3.6804079929440077	,0.4252939206666933
3.6804152722126076	,0.4264311892233038
3.6804225601157823	,0.4275718071086291
3.6804298570788085	,0.4287138440578062
3.6804371645907192	,0.4298635340850632
3.6804444589651597	,0.4310111576071080
3.6804517733574551	,0.4321639263833928
3.6804590971206381	,0.4333201699592934
3.6804664305513977	,0.4344799383558690
3.6804737739500641	,0.4356432823727092
3.6804811276219018	,0.4368102537948088
3.6804884918796543	,0.4379809058013505
3.6804958670320262	,0.4391532911371210
3.6805032650779221	,0.4403353258308887
3.6805106403871894	,0.4415137319388265
3.6805180376926971	,0.4426976479876256
3.6805254464845816	,0.4438853998795052
3.6805328670960868	,0.4450770447482616
3.6805402998694743	,0.4462726413906327
3.6805477451509492	,0.4474722494556479
3.6805552032931894	,0.4486759298542122
3.6805626746571378	,0.4498817450531060
3.6805701703829654	,0.4510975017489859
3.6805776585743755	,0.4523120410051936
3.6805851726962358	,0.4535307881481326
3.6805926968469520	,0.4547571641406006
3.6806002139710086	,0.4559823933963123
3.6806077565821371	,0.4572137726888050
3.6806153143992173	,0.4584496323571053
3.6806228878377172	,0.4596900450265773
3.6806304773279281	,0.4609350859982203
3.6806380833087240	,0.4621848322354965
3.6806457062301936	,0.4634373628029558
3.6806533571897639	,0.4647005106925355
3.6806610048211916	,0.4659631124512271
3.6806686813827838	,0.4672304924369901
3.6806763874067383	,0.4685087498839650
3.6806840928614473	,0.4697849184274965
3.6806918191179019	,0.4710705358610151
3.6806995439033483	,0.4723559053185375
3.6807072993709364	,0.4736483758449359
3.6807150755620652	,0.4749462977552352
3.6807228730587194	,0.4762497742420846
3.6807306924593561	,0.4775589115754459
3.6807385343820167	,0.4788738196357282
3.6807463994666647	,0.4801926123210036
3.6807542988435582	,0.4815231668589550
3.6807622018393129	,0.4828543327686956
3.6807701404556417	,0.4841915009121867
3.6807781154462296	,0.4855408110732156
3.6807860963594421	,0.4868891276236499
3.6807941258569676	,0.4882516712659442
3.6808021370405508	,0.4896111098072152
3.6808101866536971	,0.4909790636819725
3.6808182652050925	,0.4923539315253063
3.6808263735818247	,0.4937358722968103
3.6808345127075777	,0.4951250516603482
3.6808426835449679	,0.4965216424103642
3.6808508871023502	,0.4979258256648209
3.6808591244334510	,0.4993357908403255
3.6808674068925771	,0.5007594947718910
3.6808757048828222	,0.5021858679875706
3.6808840502841553	,0.5036203942387439
3.6808924443763433	,0.5050693090328403
3.6809008578715345	,0.5065195758397126
3.6809093328746010	,0.5079864686073147
3.6809178318489919	,0.5094555156648904
3.6809263570324093	,0.5109350977763037
3.6809349060604024	,0.5124188079569117
3.6809435109271629	,0.5139142045492129
3.6809521632539726	,0.5154198469841421
3.6809608648504275	,0.5169360626413106
3.6809696176239326	,0.5184611968436184
3.6809784336874873	,0.5200033776367139
3.6809872850770806	,0.5215497348800864
3.6809962141514618	,0.5231156883934371
3.6810051833564392	,0.5246866802459208
3.6810142351910611	,0.5262781752439126
3.6810233362001084	,0.5278763202010129
3.6810324718237322	,0.5294865504999973
3.6810416566298167	,0.5311054345045665
3.6810509235832432	,0.5327407944947027
3.6810602662976195	,0.5343895249051998
3.6810696984038840	,0.5360600543841646
3.6810791944495973	,0.5377399017080989
3.6810887980134726	,0.5394448022304904
3.6810984747136875	,0.5411606859809858
3.6811082779328692	,0.5429050504924285
3.6811180909064123	,0.5446511498939564
3.6811280192732871	,0.5464177789276945
3.6811380694595628	,0.5482121120262508
3.6811482194758338	,0.5500222561073738
3.6811585155867514	,0.5518644965508327
3.6811689347827699	,0.5537267566479369
3.6811794329737206	,0.5556091513349746
3.6811900623522367	,0.5575150413097860
3.6812008627701629	,0.5594516031204326
3.6812118468520345	,0.5614271445631216
3.6812230136037098	,0.5634335306557818
3.6812342987010154	,0.5654672037395857
3.6812457816402437	,0.5675344957821594
3.6812575199753144	,0.5696538244388590
3.6812695274654876	,0.5718197315360047
3.6812817091561145	,0.5740230954407486
3.6812941847725358	,0.5762775835410141
3.6813070619502843	,0.5786107326006706
3.6813201658689310	,0.5809849357267567
3.6813337212663795	,0.5834409535214503
3.6813476643774918	,0.5859732768951086
3.6813621672946968	,0.5886051992368961
3.6813775266085611	,0.5913987098303386
3.6813934661350984	,0.5942957087328429
3.6814102717036690	,0.5973562292359469
3.6814286423332057	,0.6006996467055575
3.6814487477863711	,0.6043650650600922
3.6814716970643691	,0.6085467548513407
3.6814998556650065	,0.6136841960240564
3.6815840806057314	,0.6290461285654194
3.6816060147331777	,0.6330419731164936
3.6816251242379439	,0.6365230675516074
3.6816426620243763	,0.6397158930727358
3.6816590381513743	,0.6426952368215423
3.6816742831532911	,0.6454668173417168
3.6816885331341740	,0.6480555761187486
3.6817024596951065	,0.6505835964590857
3.6817157663108113	,0.6529970947449091
3.6817285506383670	,0.6553138954763992
3.6817408902159916	,0.6575481433811677
3.6817528476455408	,0.6597112512632319
3.6817644742387765	,0.6618125667882074
3.6817758126204105	,0.6638598484569355
3.6817868985451732	,0.6658595980242571
3.6817977625915996	,0.6678173694805436
3.6818084306897756	,0.6697378668435864
3.6818189253737530	,0.6716251720550666
3.6818292662655829	,0.6734828338123799
3.6818394705636637	,0.6753139568665032
3.6818495280393009	,0.6771187191373875
3.6818592288527845	,0.6788555857021989
3.6818688296566084	,0.6805705897314203
3.6818783692228374	,0.6822746643211638
3.6818878295578545	,0.6839625854301841
3.6818970366063186	,0.6856033429157653
3.6819061166507878	,0.6872195079877441
3.6819151655954721	,0.6888281603668258
3.6819241622797958	,0.6904275200380705
3.6819329213134120	,0.6919807111265783
3.6819416342286688	,0.6935217540433603
3.6819503400507623	,0.6950635441368890
3.6819588324452628	,0.6965636084779824
3.6819672757816120	,0.6980510361758832
3.6819757228478553	,0.6995411249915923
3.6819839732547104	,0.7009925902717916
3.6819922016487028	,0.7024362061988819
3.6820004238217727	,0.7038807262185012
3.6820084576013383	,0.7052882132330488
3.6820165081664671	,0.7066946553071634
3.6820244458869449	,0.7080813732708734
3.6820323220596336	,0.7094553600879355
3.6820401992831173	,0.7108295311224510
3.6820479259608514	,0.7121734961968190
3.6820556739186427	,0.7135171733921664
3.6820633166248768	,0.7148425860276107
3.6820709378161616	,0.7161622804367516
3.6820784722178770	,0.7174649639970134
3.6820859677566813	,0.7187589473281283
3.6820934648673758	,0.7200532001454114
3.6821008395409320	,0.7213223637521531
3.6821082392842546	,0.7225938454847756
3.6821155338836400	,0.7238432738830558
3.6821228531641892	,0.7250989387553646
3.6821300500561258	,0.7263296538822117
3.6821372702679795	,0.7275603634614486
3.6821444107325338	,0.7287774690949257
3.6821515495173038	,0.7299922919135599
3.6821586019745833	,0.7311904367738428
3.6821656647722358	,0.7323883430637053
3.6821726453960140	,0.7335703239512524
3.6821796370726942	,0.7347541799075301
3.6821865380932457	,0.7359187243335864
3.6821934626858672	,0.7370852500843913
3.6822003128343428	,0.7382352447435027
3.6822071855141267	,0.7393910262815241
3.6822139654553250	,0.7405272474111307
3.6822207247811209	,0.7416560294606582
3.6822274697467785	,0.7427824208163559
3.6822341652866917	,0.7438985705603028
3.6822408527909274	,0.7450113904352188
3.6822474902171201	,0.7461138892971975
3.6822541328616265	,0.7472152604327126
3.6822607187458725	,0.7483052303129106
3.6822673151230045	,0.7493969377777050
3.6822738439499041	,0.7504734952282998
3.6822803569514582	,0.7515434571320049
3.6822868633267385	,0.7526123375818251
3.6822933227429249	,0.7536715137395238
3.6822997856818254	,0.7547292729813411
3.6823062017407935	,0.7557773683142629
3.6823126276725233	,0.7568270760374487
3.6823189916039905	,0.7578626831363516
3.6823253402013996	,0.7588918081130325
3.6823316972535913	,0.7599243115314436
3.6823379913459680	,0.7609426181313269
3.6823443078134441	,0.7619625472777900
3.6823505800250085	,0.7629713361405267
3.6823568393697017	,0.7639780598998195
3.6823630825077736	,0.7649801817656622
3.6823692923349207	,0.7659749650415072
3.6823755116595391	,0.7669712690881130
3.6823816765537600	,0.7679548783002585
3.6823878297979142	,0.7689326405864872
3.6823939993767514	,0.7699150058304925
3.6824001116980409	,0.7708842788005382
3.6824062175896928	,0.7718485429874997
3.6824123228923340	,0.7728127200918848
3.6824183931842294	,0.7737693748359965
3.6824244728752644	,0.7747275106901594
3.6824305036766964	,0.7756739644035637
3.6824365259354108	,0.7766150882778033
3.6824425666875884	,0.7775611089758074
3.6824485520829211	,0.7784944838328325
3.6824545312167447	,0.7794228925540695
3.6824605213246366	,0.7803550119268142
3.6824664638204756	,0.7812757441626986
3.6824724033563290	,0.7821920273465029
3.6824783452950731	,0.7831106867765129
3.6824842448040553	,0.7840188076583484
3.6824901657480358	,0.7849282277985904
3.6824960545698464	,0.7858287174853269
3.6825019406206470	,0.7867307873452770
3.6825078091602630	,0.7876261779378244
3.6825136609193150	,0.7885150136674619
3.6825195100375954	,0.7894054519738419
3.6825253415539549	,0.7902892156079323
3.6825311581031563	,0.7911667163059160
3.6825369727502619	,0.7920459336675458
3.6825427695943578	,0.7929184641098183
3.6825485527693256	,0.7937849422661835
3.6825543351991379	,0.7946533124099429
3.6825600996036205	,0.7955149802928670
3.6825658511459380	,0.7963707304660208
3.6825716036556910	,0.7972286283326822
3.6825773375583779	,0.7980797552786326
3.6825830591246653	,0.7989250557138505
3.6825887842442566	,0.7997728851479959
3.6825944891100684	,0.8006137186034262
3.6826001822799914	,0.8014488326622360
3.6826058802941928	,0.8022866614156283
3.6826115382928157	,0.8031146257741515
3.6826172086568660	,0.8039404057116978
3.6826228803633887	,0.8047683830564980
3.6826285112463744	,0.8055864205909627
3.6826341612260234	,0.8064052363195842
3.6826397940637010	,0.8072175705296012
3.6826454289845829	,0.8080322084369824
3.6826510446470260	,0.8088400679447951
3.6826566539260925	,0.8096430134815719
3.6826622691349442	,0.8104488116362389
3.6826678635426044	,0.8112476283479574
3.6826734504997978	,0.8120413850751208
3.6826790446744013	,0.8128381710917362
3.6826845992149266	,0.8136253307170072
3.6826901726495924	,0.8144131717604119
3.6826957319299098	,0.8151950142990179
3.6827012960126213	,0.8159795355241490
3.6827068403793008	,0.8167572817217258
3.6827123802432626	,0.8175304000318347
3.6827179284822384	,0.8183066909119594
3.6827234381896958	,0.8190736084733724
3.6827289644957455	,0.8198388409810130
3.6827344948853509	,0.8206066401155182
3.6827399874137368	,0.8213652002821026
3.6827455036210854	,0.8221250310890779
3.6827510025527541	,0.8228784831207142
3.6827565110279412	,0.8236352465286744
3.6827619810791941	,0.8243827487423158
3.6827674702712345	,0.8251308702396194
3.6827729485452068	,0.8258735053886792
3.6827784355616551	,0.8266193291015688
3.6827839011718937	,0.8273582472487485
3.6827893650391368	,0.8280929328403662
3.6827948394356693	,0.8288310378609233
3.6828002757646150	,0.8295600273600151
3.6828057356871993	,0.8302901820287266
3.6828111818972822	,0.8310145035493941
3.6828166392737933	,0.8317423137805496
3.6828220587950860	,0.8324610923375398
3.6828274982294635	,0.8331805152190672
3.6828329285233052	,0.8338947303194286
3.6828383705362944	,0.8346124903515929
3.6828437761585957	,0.8353214665559533
3.6828491962665315	,0.8360283474470080
3.6828546277062264	,0.8367387093145278
3.6828600233458362	,0.8374404043711954
3.6828654433400674	,0.8381432658027209
3.6828708494516991	,0.8388403267353568
3.6828762682796814	,0.8395410308427307
3.6828816503524977	,0.8402329979048748
3.6828870574360759	,0.8409261804850051
3.6828924518908375	,0.8416137438044680
3.6828978596040844	,0.8423050005206768
3.6829032301942490	,0.8429875276388762
3.6829086259415647	,0.8436712522437044
3.6829140101979525	,0.8443495204514119
3.6829194082488863	,0.8450315298676807
3.6829247691111329	,0.8457048563618582
3.6829301552983678	,0.8463793641467131
3.6829355307692078	,0.8470485294889871
3.6829409205666166	,0.8477214817226087
3.6829462733163711	,0.8483858236872076
3.6829516517364054	,0.8490513518741676
3.6829570197937067	,0.8497115971457541
3.6829624027067394	,0.8503756730260951
3.6829677489687729	,0.8510312423473725
3.6829731212465546	,0.8516880014681609
3.6829784832257815	,0.8523395007323624
3.6829838605874619	,0.8529948724223256
3.6829892021998725	,0.8536419014253414
3.6829945697110018	,0.8542900663929034
3.6829999269152394	,0.8549329856250867
3.6830053000263256	,0.8555798172257362
3.6830106386887151	,0.8562185151677586
3.6830159914496248	,0.8568549037898945
3.6830213628527702	,0.8574955130377213
3.6830266989975331	,0.8581279306879964
3.6830320516796875	,0.8587583117854070
3.6830374179165131	,0.8593922919432690
3.6830427566208774	,0.8600190285023250
3.6830481078556954	,0.8606432386661049
3.6830534760954765	,0.8612714357253785
3.6830588068291990	,0.8618912584523083
3.6830641645315443	,0.8625122171865643
3.6830695149639547	,0.8631283320398558
3.6830748829895024	,0.8637484761092553
3.6830802154779980	,0.8643605281099674
3.6830855746813391	,0.8649736446775789
3.6830909255669124	,0.8655838079462166
3.6830962768603284	,0.8661920175725717
3.6831016286063232	,0.8667982784427946
3.6831069779128365	,0.8674022632803242
3.6831123351300401	,0.8680051394393274
3.6831176883280139	,0.8686055621081146
3.6831230422818546	,0.8692040692017828
3.6831283953918068	,0.8698004818713313
3.6831337586216129	,0.8703960175796218
3.6831391148816097	,0.8709887774125133
3.6831444721918691	,0.8715796529620974
3.6831498305984440	,0.8721686488715213
3.6831551873205761	,0.8727554595635321
3.6831605519570410	,0.8733411352462861
3.6831659137438675	,0.8739244983806078
3.6831712769201363	,0.8745060119751737
3.6831766404940143	,0.8750855681245859
3.6831820140922384	,0.8756642023887092
3.6831873814803440	,0.8762401656696051
3.6831927505462567	,0.8768143081280078
3.6831981213359866	,0.8773866340161369
3.6832034911986971	,0.8779568606799270
3.6832088711227673	,0.8785261524713677
3.6832142471691012	,0.8790930318345813
3.6832196252310054	,0.8796581226735657
3.6832250053601499	,0.8802214296265907
3.6832303851087720	,0.8807826960709327
3.6832357717832771	,0.8813426832496019
3.6832411582071529	,0.8819006426970959
3.6832465469782480	,0.8824568440370455
3.6832519375214239	,0.8830112271143675
3.6832573382336542	,0.8835646504488935
3.6832627341080886	,0.8841155753233186
3.6832681326145900	,0.8846647675407034
3.6832735338005418	,0.8852122309048759
3.6832789358381484	,0.8857577794722290
3.6832843489535305	,0.8863024420729511
3.6832897582630753	,0.8868447189590319
3.6832951705405916	,0.8873852918016873
3.6833005858356298	,0.8879241644124229
3.6833060017981714	,0.8884611022374145
3.6833114288128685	,0.8889971316371179
3.6833168532490568	,0.8895309035641071
3.6833222809880524	,0.8900629987295650
3.6833277120821215	,0.8905934210001581
3.6833331440203740	,0.8911219243548540
3.6833385867851582	,0.8916494772393793
3.6833440280361809	,0.8921748805615298
3.6833494729254337	,0.8926986332448356
3.6833549215075010	,0.8932207391638365
3.6833603712578444	,0.8937409554903162
3.6833658318368743	,0.8942602016626293
3.6833712915928083	,0.8947773666164693
3.6833767553241716	,0.8952929060116279
3.6833822230869702	,0.8958068236380186
3.6833876924119502	,0.8963188863621123
3.6833931729212903	,0.8968299921489370
3.6833986528769764	,0.8973390431637269
3.6834041371477961	,0.8978464927232729
3.6834096257902331	,0.8983523444408309
3.6834151165115157	,0.8988563858073942
3.6834206190053611	,0.8993595033289222
3.6834261208645063	,0.8998605594270115
3.6834316273814300	,0.9003600372310226
3.6834371386123883	,0.9008579401123235
3.6834426527292208	,0.9013541015054625
3.6834481790786358	,0.9018493583258627
3.6834537045575031	,0.9023425334623335
3.6834592350398938	,0.9028341525309161
3.6834647705816397	,0.9033242186451644
3.6834703103790440	,0.9038126589455585
3.6834758621663677	,0.9043001502072441
3.6834814129973692	,0.9047855535787761
3.6834869691806928	,0.9052694221626123
3.6834925307722641	,0.9057517588620964
3.6834980978423477	,0.9062325677882723
3.6835036681963049	,0.9067116577991603
3.6835092476112172	,0.9071895238788891
3.6835148312392656	,0.9076657475313521
3.6835204206318859	,0.9081404597952170
3.6835260158569811	,0.9086136643360713
3.6835316145227774	,0.9090851571926529
3.6835372254722318	,0.9095556798471451
3.6835428383197795	,0.9100243577483474
3.6835484572955401	,0.9104915441415917
3.6835540824627864	,0.9109572420662071
3.6835597126180253	,0.9114213498744143
3.6835653558189718	,0.9118845268232688
3.6835709996916508	,0.9123457545296718
3.6835766500592513	,0.9128055096186918
3.6835823069830935	,0.9132637947397172
3.6835879705369030	,0.9137206135084470
3.6835936383572574	,0.9141757733435961
3.6835993174120913	,0.9146298312255315
3.6836050009977570	,0.9150822473811879
3.6836106915155598	,0.9155332117317153
3.6836163890358011	,0.9159827273716051
3.6836220919285783	,0.9164306635091631
3.6836278086293004	,0.9168776780437634
3.6836335273051715	,0.9173228423578805
3.6836392532972284	,0.9177665724109749
3.6836449866714998	,0.9182088707224674
3.6836507275049248	,0.9186497406124050
3.6836564734217387	,0.9190889974222616
3.6836622314841905	,0.9195271781612943
3.6836679948549014	,0.9199637584778390
3.6836737660002430	,0.9203989237342717
3.6836795449941677	,0.9208326767709051
3.6836853308610422	,0.9212649417855447
3.6836911308974201	,0.9216962584909278
3.6836969336062957	,0.9221257688642993
3.6837027444920531	,0.9225538803098741
3.6837085636247968	,0.9229805951348853
3.6837143910854140	,0.9234059163946746
3.6837202246397562	,0.9238296785268705
3.6837260727047032	,0.9242524889185583
3.6837319253294263	,0.9246736239400876
3.6837377866167227	,0.9250933779039131
3.6837436566420263	,0.9255117532126604
3.6837495354887033	,0.9259287527883845
3.6837554208125947	,0.9263442077251585
3.6837613191091045	,0.9267585734743278
3.6837672246142281	,0.9271714407567533
3.6837731392815911	,0.9275829439879847
3.6837790631934166	,0.9279930857464661
3.6837849961414415	,0.9284018484983353
3.6837909437792562	,0.9288096155453800
3.6837968956329776	,0.9292156659933445
3.6838028570874539	,0.9296203666439087
3.6838088282213350	,0.9300237195695383
3.6838148091232004	,0.9304257274673075
3.6838207985557894	,0.9308263040858867
3.6838268038914781	,0.9312259369765765
3.6838328143194841	,0.9316239029482219
3.6838388348831050	,0.9320205350195007
3.6838448656650131	,0.9324158352229865
3.6838509067570158	,0.9328098061420832
3.6838569564157089	,0.9332023309261606
3.6838630225878539	,0.9335939200674538
3.6838690948487667	,0.9339838963213533
3.6838751777997607	,0.9343725538909847
3.6838812715279547	,0.9347598947799596
3.6838873761286797	,0.9351459214638767
3.6838934896434807	,0.9355305068276975
3.6838996201228231	,0.9359141523279310
3.6839057575976097	,0.9362962295045567
3.6839119063387171	,0.9366770025901942
3.6839180664377968	,0.9370564735468572
3.6839242379940211	,0.9374346447478925
3.6839304190181754	,0.9378113908796557
3.6839366175162231	,0.9381871948679124
3.6839428237199923	,0.9385614597386893
3.6839490417901932	,0.9389344345297218
3.6839552718229620	,0.9393061211402457
3.6839615139216533	,0.9396765218464819
3.6839677662353401	,0.9400455232145206
3.6839740366164286	,0.9404135833392738
3.6839803152106607	,0.9407801190156792
3.6839866062973785	,0.9411453780686757
3.6839929099771962	,0.9415093623163915
3.6839992263580195	,0.9418720739427412
3.6840055539658301	,0.9422334244821935
3.6840119001705154	,0.9425938289695011
3.6840182549761717	,0.9429527150956143
3.6840246229284124	,0.9433103375173213
3.6840310041325042	,0.9436666979636801
3.6840373987013018	,0.9440217985307473
3.6840438059222520	,0.9443755955458075
3.6840502318998696	,0.9447284195415695
3.6840566669115025	,0.9450797324720726
3.6840631157540455	,0.9454297940909132
3.6840695785378834	,0.9457786060451255
3.6840760553812513	,0.9461261703470519
3.6840825464033169	,0.9464724889949891
3.6840890491502774	,0.9468174270441482
3.6840955692170261	,0.9471612773034894
3.6841021031496761	,0.9475038520646041
3.6841086517472905	,0.9478451890261943
3.6841152151329757	,0.9481852900693426
3.6841217934318329	,0.9485241571132494
3.6841283841470549	,0.9488616573492910
3.6841349948665605	,0.9491981743999455
3.6841416183099085	,0.9495333318693241
3.6841482571798232	,0.9498672630117576
3.6841549116031547	,0.9501999695010276
3.6841615817114595	,0.9505314531808898
3.6841682657785486	,0.9508616237824987
3.6841749712980727	,0.9511908453035852
3.6841816889022896	,0.9515186523962356
3.6841884227334023	,0.9518452441367848
3.6841951729233346	,0.9521706220421755
3.6842019396106669	,0.9524947878839995
3.6842087229352041	,0.9528177434218781
3.6842155203355698	,0.9531393621409099
3.6842223371400351	,0.9534598918355293
3.6842291708529364	,0.9537792090895937
3.6842360217737373	,0.9540973229069415
3.6842428900484534	,0.9544142349801925
3.6842497758246457	,0.9547299470003768
3.6842566767108202	,0.9550443445404856
3.6842636006014158	,0.9553577814788959
3.6842705394014428	,0.9556698851767333
3.6842774963094387	,0.9559807955833369
3.6842844714760590	,0.9562905141588364
3.6842914650573251	,0.9565990425288015
3.6842984766406848	,0.9569063572414975
3.6843055115018677	,0.9572126819573359
3.6843125608960388	,0.9575176308603892
3.6843196293479075	,0.9578213961193978
3.6843267170156877	,0.9581239790711914
3.6843338240646291	,0.9584253812784070
3.6843409506615967	,0.9587256042932953
3.6843480943549682	,0.9590245396490398
3.6843552631137158	,0.9593225146691156
3.6843624489717137	,0.9596191916700498
3.6843696550637342	,0.9599146956609976
3.6843768815615303	,0.9602090279960278
3.6843841286422032	,0.9605021901675830
3.6843913964846497	,0.9607941836583013
3.6843986821947285	,0.9610848868306645
3.6844059918020138	,0.9613745351939198
3.6844133226021820	,0.9616630146284926
3.6844206748964137	,0.9619503311442976
3.6844280488728671	,0.9622364861707410
3.6844354447218057	,0.9625214811332610
3.6844428606282871	,0.9628052403744748
3.6844503040680046	,0.9630880427382619
3.6844577662736135	,0.9633695485811916
3.6844652511352454	,0.9636499000484645
3.6844727588492732	,0.9639290983608373
3.6844802896184263	,0.9642071448889596
3.6844878436476249	,0.9644840409944503
3.6844954180798202	,0.9647596761187670
3.6845030210319156	,0.9650343392432876
3.6845106456488788	,0.9653077753580078
3.6845182943683716	,0.9655800664124232
3.6845259674043591	,0.9658512136362579
3.6845336649756630	,0.9661212183386909
3.6845413873035553	,0.9663900818203811
3.6845491311569787	,0.9666576855394973
3.6845569035397085	,0.9669242657063495
3.6845647010247093	,0.9671896970314242
3.6845725241744809	,0.9674539921783779
3.6845803732227829	,0.9677171523936871
3.6845882484064285	,0.9679791789277464
3.6845961487572296	,0.9682400329925723
3.6846040804253679	,0.9684999092189962
3.6846120349972153	,0.9687585252559403
3.6846200166810252	,0.9690160125752854
3.6846280257236859	,0.9692723722534783
3.6846360623791545	,0.9695276054925520
3.6846441269044159	,0.9697817134866314
3.6846522173755303	,0.9700346288781478
3.6846603414530210	,0.9702865830310931
3.6846684906705218	,0.9705373058869738
3.6846766688176764	,0.9707869082109244
3.6846848761638737	,0.9710353910497640
3.6846931129853671	,0.9712827555512316
3.6847013795618189	,0.9715290028555205
3.6847096733588653	,0.9717740505102124
3.6847180028167559	,0.9720181399189562
3.6847263598558699	,0.9722610262344535
3.6847347478035593	,0.9725027998259481
3.6847431669545037	,0.9727434617110509
3.6847516176100887	,0.9729830129853811
3.6847601000755512	,0.9732214547373419
3.6847686114295852	,0.9734586976236927
3.6847771605526525	,0.9736949811745899
3.6847857397769488	,0.9739300849208157
3.6847943520708153	,0.9741640833919362
3.6848029977573149	,0.9743969775727206
3.6848116771662585	,0.9746287685087174
3.6848203906318209	,0.9748594572385341
3.6848291350069897	,0.9750889529150448
3.6848379194846346	,0.9753174886122992
3.6848467365999480	,0.9755448611962761
3.6848555891520265	,0.9757711356097409
3.6848644774958785	,0.9759963127999280
3.6848734019935785	,0.9762203937641718
3.6848823630121674	,0.9764433794931925
3.6848913573314599	,0.9766651819849075
3.6849003943794312	,0.9768860251943946
3.6849094666139659	,0.9771057155566313
3.6849185768867763	,0.9773243145207023
3.6849277255890112	,0.9775418229921896
3.6849369131195102	,0.9777582419220038
3.6849461398827854	,0.9779735722546875
3.6849554027773657	,0.9781877333561652
3.6849647112947479	,0.9784009356235081
3.6849740576098839	,0.9786129903285916
3.6849834448320835	,0.9788239600856734
3.6849928733936492	,0.9790338457562638
3.6850023437354893	,0.9792426482464749
3.6850118563050192	,0.9794503684562965
3.6850214082685797	,0.9796569358365169
3.6850310089512281	,0.9798625424004729
3.6850406502882782	,0.9800670057307485
3.6850503357072641	,0.9802703902482697
3.6850600656877432	,0.9804726967715320
3.6850698407189788	,0.9806739261633793
3.6850796612977326	,0.9808740792807318
3.6850895253301159	,0.9810731042856089
3.6850994411858533	,0.9812711595794690
3.6851094007619984	,0.9814680735971154
3.6851194079473588	,0.9816639146336200
3.6851294632759646	,0.9818586834644040
3.6851395672929299	,0.9820523809104441
3.6851497205520554	,0.9822450077870113
3.6851599222339311	,0.9824365388203260
3.6851701786176361	,0.9826270804257753
3.6851804822741148	,0.9828164850491220
3.6851908374745825	,0.9830048222250033
3.6852012448163927	,0.9831920926892186
3.6852117049095070	,0.9833782972221667
3.6852222183740042	,0.9835634365987305
3.6852327858403107	,0.9837475115883584
3.6852434017271856	,0.9839304151643911
3.6852540787237609	,0.9841123564372202
3.6852648112477659	,0.9842932282291194
3.6852756003955482	,0.9844730385217406
3.6852864468524844	,0.9846517880510546
3.6852973513161023	,0.9848294775527515
3.6853083144960634	,0.9850061077572663
3.6853193317995303	,0.9851815942499655
3.6853304157208733	,0.9853561252095895
3.6853415585475449	,0.9855295671062271
3.6853527630485114	,0.9857019524486964
3.6853640299970527	,0.9858732819186002
3.6853753601817760	,0.9860435562135289
3.6853867544056094	,0.9862127760259720
3.6853982100397706	,0.9863808911657197
3.6854097370624896	,0.9865480357109191
3.6854213274316012	,0.9867140812655626
3.6854329851937044	,0.9868790749320079
3.6854447112265984	,0.9870430173462218
3.6854565064267262	,0.9872059091686677
3.6854683717075525	,0.9873677510548526
3.6854803076594402	,0.9875285390391609
3.6854923186090351	,0.9876883173274275
3.6855043987949423	,0.9878469981918742
3.6855165528853471	,0.9880046315608559
3.6855287818831930	,0.9881612180335538
3.6855410868135436	,0.9883167582341713
3.6855534687218539	,0.9884712527820977
3.6855659286745195	,0.9886247022919562
3.6855784613835438	,0.9887770293698934
3.6855910817032678	,0.9889284018109260
3.6856037812664959	,0.9890787052902528
3.6856165633477405	,0.9892279659841977
3.6856294291254730	,0.9893761844668255
3.6856423798040314	,0.9895233613221822
3.6856554166130855	,0.9896694971296733
3.6856685380484149	,0.9898145617411012
3.6856817531496997	,0.9899586402266676
3.6856950547747518	,0.9901016414334691
3.6857084477029329	,0.9902436037016685
3.6857219332996434	,0.9903845275645897
3.6857355129622276	,0.9905244135715704
3.6857491881189648	,0.9906632622674141
3.6857629602299951	,0.9908010741924338
3.6857768218626297	,0.9909377612243772
3.6857907924197253	,0.9910735008503758
3.6858048630810361	,0.9912081912863430
3.6858190368562735	,0.9913418468793624
3.6858333153788174	,0.9914744681375038
3.6858477003209593	,0.9916060555714968
3.6858621933943727	,0.9917366096876828
3.6858767924566957	,0.9918660961774775
3.6858915089262592	,0.9919945998028536
3.6859063355704373	,0.9921220421933542
3.6859212775910786	,0.9922484530547662
3.6859363369143803	,0.9923738328542975
3.6859515155158422	,0.9924981820689712
3.6859668154202239	,0.9926215011715064
3.6859822387032031	,0.9927437906303578
3.6859977768040513	,0.9928649668616274
3.6860134530997373	,0.9929851962967229
3.6860292577393725	,0.9931043852083188
3.6860451945769261	,0.9932225460888602
3.6860612659686285	,0.9933396793764101
3.6860774743338673	,0.9934557855102615
3.6860938221567028	,0.9935708649255121
3.6861103089486895	,0.9936848968457712
3.6861269450127918	,0.9937979333092356
3.6861437248878666	,0.9939099202538779
3.6861606548198873	,0.9940208819498091
3.6861777376510294	,0.9941308187968984
3.6861949763053161	,0.9942397312009810
3.6862123737901764	,0.9943476195637472
3.6862299331996566	,0.9944544842827757
3.6862476472351613	,0.9945602625634319
3.6862655403261124	,0.9946650811316576
3.6862836027142509	,0.9947688626450545
3.6863018402966703	,0.9948716218085691
3.6863202566521616	,0.9949733589886463
3.6863388554699350	,0.9950740745532585
3.6863576405531657	,0.9951737688662923
3.6863766158237459	,0.9952724422875689
3.6863957661257380	,0.9953699963550626
3.6864151319018839	,0.9954666178421103
3.6864346997697623	,0.9955622163426420
3.6864544747462071	,0.9956567950637610
3.6864744614252296	,0.9957503543379986
3.6864946645540710	,0.9958428944948278
3.6865150890398768	,0.9959344158596449
3.6865357344756435	,0.9960248944663717
3.6865566175262008	,0.9961143791634747
3.6865777342139143	,0.9962028309410901
3.6865990935705431	,0.9962902648810839
3.6866207014171213	,0.9963766812764706
3.6866425637862190	,0.9964620804210653
3.6866646869310467	,0.9965464626045369
3.6866870773363694	,0.9966298281124345
3.6867097276587550	,0.9967121254783240
3.6867326721106828	,0.9967934536193540
3.6867559019471030	,0.9968737557141735
3.6867794274476595	,0.9969530418884976
3.6868032564398332	,0.9970313123954613
3.6868273970651662	,0.9971085674869125
3.6868518577953666	,0.9971848074104178
3.6868766474504406	,0.9972600324092825
3.6869017501374177	,0.9973341676532291
3.6869272227240919	,0.9974073540045671
3.6869530510500463	,0.9974795204885929
3.6869792473365615	,0.9975506725809163
3.6870058224587443	,0.9976208104907245
3.6870327877796365	,0.9976899344240542
3.6870601551793305	,0.9977580445823528
3.6870879370868881	,0.9978251411624958
3.6871161072816601	,0.9978911310588500
3.6871447526720971	,0.9979561883122048
3.6871738524671489	,0.9980202301470110
3.6872034225050712	,0.9980832586881233
3.6872334785247958	,0.9981452740941040
3.6872640370672882	,0.9982062765188112
3.6872951155308575	,0.9982662661109089
3.6873267322315821	,0.9983252430138645
3.6873588489378561	,0.9983831019307775
3.6873915930966259	,0.9984400392562229
3.6874249361985676	,0.9984959635253317
3.6874589010749159	,0.9985508750871621
3.6874935117310650	,0.9986047740383984
3.6875287935891556	,0.9986576604694276
3.6875647736020398	,0.9987095344642285
3.6876014794277543	,0.9987603947563373
3.6876389377076140	,0.9988102325069095
3.6876771814247005	,0.9988590524244255
3.6877162487144632	,0.9989068595498770
3.6877561763308799	,0.9989536539054900
3.6877970035473426	,0.9989994355058529
3.6878387723920953	,0.9990442043567720
3.6878815279128139	,0.9990879604550774
3.6879253184737992	,0.9991307037884195
3.6879700924147616	,0.9991723356192270
3.6880160973018832	,0.9992130379842193
3.6880633043166724	,0.9992527261620665
3.6881117794391405	,0.9992914006068367
3.6881615935389709	,0.9993290612111526
3.6882128236143630	,0.9993657078533842
3.6882655535220361	,0.9994013403969426
3.6883198748197068	,0.9994359586896190
3.6883757590922919	,0.9994694830849361
3.6884335491749756	,0.9995020558437879
3.6884932586259973	,0.9995336117468031
3.6885550228686594	,0.9995641514966893
3.6886189901387350	,0.9995936747707987
3.6886853253921785	,0.9996221812172109
3.6887542129293487	,0.9996496704523790
3.6888258595573737	,0.9996761420586631
3.6889003905438891	,0.9997015573450060
3.6889782438986760	,0.9997259729270802
3.6890596469586026	,0.9997493667066237
3.6891449476616032	,0.9997717390907814
3.6892345434786624	,0.9997930892713355
3.6893288964369373	,0.9998134163571174
3.6894285479933293	,0.9998327193630322
3.6895341384778000	,0.9998509971972150
3.6896464329088872	,0.9998682486457796
3.6897658662590165	,0.9998844020343285
3.6898944040338089	,0.9998995716432606
3.6900330827465364	,0.9999137067085966
3.6901836794916787	,0.9999268050824245
3.6903484859344240	,0.9999388638546598
3.6905305361948191	,0.9999498795842642
3.6907339708572779	,0.9999598481448848
3.6909646579611888	,0.9999687645051913
3.6912313240660359	,0.9999766223104866
3.6915467654514749	,0.9999833867307941
3.6919355352130543	,0.9999890635532532
3.6924450193073337	,0.9999936322067476
3.6931945546817206	,0.9999970578955192
3.6945717590502722	,1.0000000000751219
3.8357736665295805	,0.9999979892312958
3.8366803790490560	,1.0000000000054159
4.3108933391980475	,1.0000001041293429
4.3108933391980475	,1.0000000000039266
