0.0000000000000000	,0.0000000000000000
0.0000000100000000	,0.0000020000000000
0.0000141324322165	,0.0014132432216476
0.0000287053405305	,0.0028674731717466
0.0000435257487868	,0.0043443531912530
0.0000586016098731	,0.0058446391369310
0.0000739486107848	,0.0073698552023052
0.0000895845167064	,0.0089217282971146
0.0001055293294938	,0.0105022030334985
0.0001218057060502	,0.0121134824323851
0.0001384394935371	,0.0137580800141890
0.0001554604141936	,0.0154388864511590
0.0001729029543893	,0.0171592560979933
0.0001908075383129	,0.0189231212260480
0.0002092221072108	,0.0207351457301189
0.0002282042912183	,0.0226009365129949
0.0002478244726493	,0.0245273416368429
0.0002681702366030	,0.0265228835046038
0.0002893530688377	,0.0285984107722197
0.0003115188732111	,0.0307681220275672
0.0003348653741110	,0.0330512596013835
0.0003596728770493	,0.0354751035605356
0.0003863635272333	,0.0380807394785648
0.0004156296363647	,0.0409355487771127
0.0004487627828496	,0.0441652407561078
0.0004887590407872	,0.0480614264420257
0.0005465771607685	,0.0536907326263431
0.0005875118186308	,0.0576759629212356
0.0006094961575509	,0.0598166572613597
0.0006533667757041	,0.0640897146860434
0.0006809669974682	,0.0667795381927964
0.0007100216009165	,0.0696127201736690
0.0007362992044063	,0.0721768613759134
0.0007612133659430	,0.0746097475895263
0.0007848832625958	,0.0769229571691108
0.0008075367930358	,0.0791386910857678
0.0008293251122880	,0.0812716698734588
0.0008503665779059	,0.0833334207662943
0.0008707542093432	,0.0853330032126031
0.0008905628132900	,0.0872777029311734
0.0009098535953942	,0.0891734810317106
0.0009286773930610	,0.0910252888529878
0.0009470769858521	,0.0928372929679142
0.0009650887851496	,0.0946130397365271
0.0009827440945180	,0.0963555780502961
0.0010000700665396	,0.0980675525169331
0.0010170904407264	,0.0997512753248772
0.0010338261206758	,0.1014087824522473
0.0010502956312608	,0.1030418781927765
0.0010665154849783	,0.1046521708348252
0.0010825004785870	,0.1062411015515129
0.0010982639355998	,0.1078099680177400
0.0011138179062514	,0.1093599438857682
0.0011291733337250	,0.1108920949748691
0.0011443401933570	,0.1124073928292586
0.0011593276100105	,0.1139067261499392
0.0011741439576706	,0.1153909104950809
0.0011887969444520	,0.1168606965597767
0.0012032936855566	,0.1183167772820828
0.0012176407662077	,0.1197597939730370
0.0012318442962015	,0.1211903416301211
0.0012459099574036	,0.1226089735636846
0.0012598430452788	,0.1240162054422102
0.0012736485053476	,0.1254125188435255
0.0012873309653106	,0.1267983643839979
0.0013008947634546	,0.1281741644856558
0.0013143439738558	,0.1295403158313337
0.0013276824288122	,0.1308971915499438
0.0013409137388700	,0.1322451431674005
0.0013540413107531	,0.1335845023533187
0.0013670683634592	,0.1349155824891250
0.0013799979427470	,0.1362386800794898
0.0013928329342080	,0.1375540760258809
0.0014055760750891	,0.1388620367784148
0.0014182299650091	,0.1401628153799889
0.0014307970756930	,0.1414566524148055
0.0014432797598344	,0.1427437768718244
0.0014556802591772	,0.1440244069323258
0.0014680007119016	,0.1452987506896181
0.0014802431593859	,0.1465670068079332
0.0014924095524069	,0.1478293651267047
0.0015045017568364	,0.1490860072156856
0.0015165215588817	,0.1503371068857323
0.0015284706699159	,0.1515828306595270
0.0015403507309350	,0.1528233382060320
0.0015521633166777	,0.1540587827420504
0.0015639099394386	,0.1552893114039021
0.0015755920526017	,0.1565150655919041
0.0015872110539200	,0.1577361812900588
0.0015987682885623	,0.1589527893631101
0.0016102650519482	,0.1601650158329060
0.0016217025923874	,0.1613729821358096
0.0016330821135421	,0.1625768053627358
0.0016444047767246	,0.1637765984832301
0.0016556717030448	,0.1649724705548780
0.0016668839754187	,0.1661645269192056
0.0016780426404493	,0.1673528693851312
0.0016891487101896	,0.1685375964009248
0.0017002031637967	,0.1697188032155484
0.0017112069490846	,0.1708965820301760
0.0017221609839842	,0.1720710221406154
0.0017330661579163	,0.1732422100712965
0.0017439233330848	,0.1744102297014345
0.0017547333456946	,0.1755751623839192
0.0017654970071004	,0.1767370870574447
0.0017762151048914	,0.1778960803523437
0.0017868884039148	,0.1790522166905579
0.0017975176472439	,0.1802055683801390
0.0018081035570938	,0.1813562057046454
0.0018186468356877	,0.1825041970077705
0.0018291481660777	,0.1836496087735110
0.0018396082129230	,0.1847925057021634
0.0018500276232276	,0.1859329507824133
0.0018604070270407	,0.1870710053597610
0.0018707470381215	,0.1882067292015132
0.0018810482545713	,0.1893401805585488
0.0018913112594343	,0.1904714162240566
0.0019015366212692	,0.1916004915894248
0.0019117248946932	,0.1927274606974520
0.0019218766209004	,0.1938523762930370
0.0019319923281555	,0.1949752898714937
0.0019420725322645	,0.1960962517246266
0.0019521177370245	,0.1972153109846961
0.0019621284346517	,0.1983325156663895
0.0019721051061912	,0.1994479127069116
0.0019820482219081	,0.2005615480042977
0.0019919582416613	,0.2016734664540440
0.0020018356152614	,0.2027837119841491
0.0020116807828122	,0.2038923275886508
0.0020214941750388	,0.2049993553597371
0.0020312762136010	,0.2061048365185063
0.0020410273113936	,0.2072088114444485
0.0020507478728346	,0.2083113197037116
0.0020604382941413	,0.2094124000762153
0.0020700989635950	,0.2105120905816723
0.0020797302617959	,0.2116104285045686
0.0020893325619064	,0.2127074504181588
0.0020989062298860	,0.2138031922075203
0.0021084516247167	,0.2148976890917162
0.0021179690986190	,0.2159909756451086
0.0021274589972608	,0.2170830858178620
0.0021369216599573	,0.2181740529556781
0.0021463574198638	,0.2192639098187949
0.0021557666041613	,0.2203526886002880
0.0021651495342354	,0.2214404209437044
0.0021745065258482	,0.2225271379600595
0.0021838378893044	,0.2236128702442284
0.0021931439296110	,0.2246976478907568
0.0022024249466319	,0.2257815005091194
0.0022116812352365	,0.2268644572384487
0.0022209130854433	,0.2279465467617603
0.0022301207825586	,0.2290277973196949
0.0022393046073105	,0.2301082367237980
0.0022484648359779	,0.2311878923693593
0.0022576017405155	,0.2322667912478300
0.0022667155886752	,0.2333449599588349
0.0022758066441221	,0.2344224247217977
0.0022848751665477	,0.2354992113871975
0.0022939214117796	,0.2365753454474690
0.0023029456318868	,0.2376508520475624
0.0023119480752825	,0.2387257559951794
0.0023209289868228	,0.2398000817706954
0.0023298886079033	,0.2408738535367831
0.0023388271765519	,0.2419470951477495
0.0023477449275191	,0.2430198301585962
0.0023566420923657	,0.2440920818338169
0.0023655188995473	,0.2451638731559419
0.0023743755744970	,0.2462352268338376
0.0023832123397050	,0.2473061653107743
0.0023920294147966	,0.2483767107722699
0.0024008270166071	,0.2494468851537165
0.0024096053592551	,0.2505167101478039
0.0024183646542137	,0.2515862072117262
0.0024271051103798	,0.2526553975742604
0.0024358269341409	,0.2537243022425705
0.0024445303294405	,0.2547929420088967
0.0024532154978419	,0.2558613374570606
0.0024618826385899	,0.2569295089688070
0.0024705319486709	,0.2579974767299918
0.0024791636228719	,0.2590652607366183
0.0024877778538371	,0.2601328808007311
0.0024963748321241	,0.2612003565561696
0.0025049547462575	,0.2622677074641914
0.0025135177827822	,0.2633349528189658
0.0025220641263150	,0.2644021117529455
0.0025305939595944	,0.2654692032421213
0.0025391074635303	,0.2665362461111619
0.0025476048172514	,0.2676032590384471
0.0025560861981523	,0.2686702605609950
0.0025645517819387	,0.2697372690792900
0.0025730017426729	,0.2708043028620147
0.0025814362528165	,0.2718713800506893
0.0025898554832737	,0.2729385186642221
0.0025982596034325	,0.2740057366033772
0.0026066487812062	,0.2750730516551577
0.0026150231830726	,0.2761404814971144
0.0026233829741138	,0.2772080437015773
0.0026317283180539	,0.2782757557398178
0.0026400593772969	,0.2793436349861405
0.0026483763129636	,0.2804116987219118
0.0026566792849272	,0.2814799641395248
0.0026649684518492	,0.2825484483463059
0.0026732439712138	,0.2836171683683623
0.0026815059993619	,0.2846861411543791
0.0026897546915252	,0.2857553835793611
0.0026979902018580	,0.2868249124483293
0.0027062126834707	,0.2878947444999672
0.0027144222884606	,0.2889648964102275
0.0027226191679436	,0.2900353847958932
0.0027308034720851	,0.2911062262181015
0.0027389753501297	,0.2921774371858307
0.0027471349504316	,0.2932490341593514
0.0027552824204836	,0.2943210335536457
0.0027634179069462	,0.2953934517417958
0.0027715415556761	,0.2964663050583441
0.0027796535117542	,0.2975396098026274
0.0027877539195138	,0.2986133822420854
0.0027958429225676	,0.2996876386155493
0.0028039206638351	,0.3007623951365076
0.0028119872855691	,0.3018376679963552
0.0028200429293828	,0.3029134733676249
0.0028280877362753	,0.3039898274072050
0.0028361218466579	,0.3050667462595444
0.0028441454003800	,0.3061442460598462
0.0028521585367541	,0.3072223429372522
0.0028601613945814	,0.3083010530180211
0.0028681541121768	,0.3093803924287008
0.0028761368273936	,0.3104603772992972
0.0028841096776483	,0.3115410237664417
0.0028920727999452	,0.3126223479765579
0.0029000263309005	,0.3137043660890314
0.0029079704067667	,0.3147870942793821
0.0029159051634568	,0.3158705487424435
0.0029238307365682	,0.3169547456955477
0.0029317472614064	,0.3180397013817211
0.0029396548730093	,0.3191254320728893
0.0029475537061708	,0.3202119540730968
0.0029554438954641	,0.3212992837217405
0.0029633255752661	,0.3223874373968189
0.0029711988797805	,0.3234764315182009
0.0029790639430616	,0.3245662825509146
0.0029869208990382	,0.3256570070084588
0.0029947698815366	,0.3267486214561375
0.0030026110243053	,0.3278411425144202
0.0030104444610378	,0.3289345868623346
0.0030182703253969	,0.3300289712408828
0.0030260887510383	,0.3311243124564957
0.0030338998716348	,0.3322206273845181
0.0030417038209003	,0.3333179329727323
0.0030495007326137	,0.3344162462449192
0.0030572907406435	,0.3355155843044607
0.0030650739789720	,0.3366159643379856
0.0030728505817200	,0.3377174036190615
0.0030806206831717	,0.3388199195119315
0.0030883844177994	,0.3399235294753062
0.0030961419202887	,0.3410282510662045
0.0031038933255639	,0.3421341019438504
0.0031116387688136	,0.3432410998736299
0.0031193783855167	,0.3443492627311063
0.0031271123114683	,0.3454586085060985
0.0031348406828061	,0.3465691553068290
0.0031425636360374	,0.3476809213641367
0.0031502813080656	,0.3487939250357641
0.0031579938362183	,0.3499081848107201
0.0031657013582742	,0.3510237193137204
0.0031734040124920	,0.3521405473097091
0.0031811019376383	,0.3532586877084662
0.0031887952730167	,0.3543781595693046
0.0031964841584973	,0.3554989821058561
0.0032041687345464	,0.3566211746909568
0.0032118491422567	,0.3577447568616310
0.0032195255233784	,0.3588697483241779
0.0032271980203501	,0.3599961689593673
0.0032348667763311	,0.3611240388277474
0.0032425319352336	,0.3622533781750685
0.0032501936417558	,0.3633842074378290
0.0032578520414158	,0.3645165472489463
0.0032655072805858	,0.3656504184435598
0.0032731595065270	,0.3667858420649678
0.0032808088674257	,0.3679228393707084
0.0032884555124297	,0.3690614318387858
0.0032960995916853	,0.3702016411740490
0.0033037412563758	,0.3713434893147298
0.0033113806587605	,0.3724869984391460
0.0033190179522142	,0.3736321909725739
0.0033266532912681	,0.3747790895943022
0.0033342868316518	,0.3759277172448671
0.0033419187303358	,0.3770780971334828
0.0033495491455751	,0.3782302527456706
0.0033571782369547	,0.3793842078510952
0.0033648061654348	,0.3805399865116191
0.0033724330933986	,0.3816976130895805
0.0033800591847006	,0.3828571122563044
0.0033876846047162	,0.3840185090008588
0.0033953095203927	,0.3851818286390620
0.0034029341003019	,0.3863470968227548
0.0034105585146939	,0.3875143395493456
0.0034181829355526	,0.3886835831716419
0.0034258075366526	,0.3898548544079768
0.0034334324936178	,0.3910261803526481
0.0034410709698596	,0.3922055884525550
0.0034486842549317	,0.3933811137304045
0.0034563113286051	,0.3945587665793795
0.0034639524242303	,0.3957445901669561
0.0034715690128957	,0.3969266173305479
0.0034791998789167	,0.3981108589873820
0.0034868452673970	,0.3993033604264971
0.0034944668519229	,0.4004921558578253
0.0035021032239872	,0.4016832568183227
0.0035097546412527	,0.4028827108672779
0.0035173829784215	,0.4040785537128918
0.0035250266368181	,0.4052767976111664
0.0035326858875525	,0.4064834925554323
0.0035403228051217	,0.4076866758913021
0.0035479756034069	,0.4088923607043787
0.0035556445679463	,0.4101065996029439
0.0035632919717824	,0.4113174317244543
0.0035709558441579	,0.4125308711076188
0.0035786364861259	,0.4137529731760349
0.0035862963681077	,0.4149717790309300
0.0035939733376047	,0.4161933038025922
0.0036016677123910	,0.4174236059524781
0.0036093421591972	,0.4186507287376001
0.0036170343467852	,0.4198806885356454
0.0036247446109949	,0.4211195470938464
0.0036324358139081	,0.4223553500401556
0.0036401454486712	,0.4235941151756455
0.0036478738706920	,0.4248419078103751
0.0036555841365771	,0.4260867761851460
0.0036633135671218	,0.4273347397239264
0.0036710625389862	,0.4285918676102371
0.0036787943026291	,0.4298462109706856
0.0036865460099220	,0.4311037910791877
0.0036943180606732	,0.4323706813422336
0.0037020738987014	,0.4336349360813770
0.0037098505105724	,0.4349025786799013
0.0037176483213834	,0.4361796871619672
0.0037254309680340	,0.4374543193955608
0.0037332352756258	,0.4387325011709620
0.0037410616969726	,0.4400203155774844
0.0037488740620275	,0.4413058244308270
0.0037567090385330	,0.4425950562711990
0.0037645671097831	,0.4438940997625019
0.0037724122990574	,0.4451910211282684
0.0037802811211563	,0.4464918520555484
0.0037881740930144	,0.4478026873653685
0.0037960554318691	,0.4491095982191124
0.0038039735372439	,0.4504286198257813
0.0038118809435553	,0.4517438666917007
0.0038198258629357	,0.4530713675926107
0.0038277610045087	,0.4543952423349057
0.0038357344488147	,0.4557315223037687
0.0038436990807030	,0.4570643330418847
0.0038517028520384	,0.4584097088257367
0.0038596988243885	,0.4597517813721543
0.0038677348240535	,0.4611065881646008
0.0038757640905585	,0.4624582675793396
0.0038838343279736	,0.4638228606615522
0.0038918989553016	,0.4651845129862897
0.0039000055579735	,0.4665592695601948
0.0039081077363137	,0.4679312837582868
0.0039162529610001	,0.4693166050004507
0.0039243950158944	,0.4706993951338292
0.0039325812611493	,0.4720957085037183
0.0039407656668088	,0.4734897161833266
0.0039489954871250	,0.4748974780258851
0.0039572248814686	,0.4763031751792471
0.0039655010032773	,0.4777228736694043
0.0039737782049734	,0.4791407656774152
0.0039821035448092	,0.4805729241635561
0.0039904315726630	,0.4820035534290552
0.0039988092578673	,0.4834487342441404
0.0040071913529611	,0.4848926842678167
0.0040156247453773	,0.4863514930913286
0.0040240643964644	,0.4878093931467249
0.0040325571196725	,0.4892824840187861
0.0040410580924315	,0.4907550145385520
0.0040496140631991	,0.4922430956504693
0.0040581804341001	,0.4937309944618317
0.0040668038988814	,0.4952348348764519
0.0040754400945898	,0.4967389044568324
0.0040841356721086	,0.4982593419494393
0.0040928465155869	,0.4997804579155671
0.0041016192468013	,0.5013184081743316
0.0041104100115659	,0.5028575292733605
0.0041192654186552	,0.5044139967614203
0.0041281418930368	,0.5059721767045882
0.0041370860495001	,0.5075482675686624
0.0041460546132822	,0.5091266691444931
0.0041550942278443	,0.5107236066663349
0.0041641619443433	,0.5123235186979894
0.0041733044621678	,0.5139426619334776
0.0041824791897726	,0.5155655198198353
0.0041917329155964	,0.5172083862751904
0.0042010234440821	,0.5188557970947685
0.0042103976934161	,0.5205240905717561
0.0042198139121670	,0.5221978640632645
0.0042293191988677	,0.5238935092028509
0.0042388723067192	,0.5255956964107640
0.0042485205783244	,0.5273208820333164
0.0042582233484542	,0.5290538240918337
0.0042680282851744	,0.5308110582605754
0.0042778954039478	,0.5325774487975319
0.0042878728038961	,0.5343696297644734
0.0042979213108039	,0.5361725959233185
0.0043080895942377	,0.5380031049929169
0.0043183394627594	,0.5398463144083796
0.0043287203440142	,0.5417191396845694
0.0043391952633467	,0.5436069444511444
0.0043498146647419	,0.5455268491470339
0.0043605431152123	,0.5474644838739704
0.0043714324397804	,0.5494372407043395
0.0043824492104776	,0.5514311020119846
0.0043936471639919	,0.5534638287469480
0.0044049955596175	,0.5555218816929676
0.0044165508456003	,0.5576235374829915
0.0044282860123361	,0.5597559280713930
0.0044402614780587	,0.5619380769920639
0.0044524556381990	,0.5641580962068350
0.0044649349678256	,0.5664361398928308
0.0044776861144735	,0.5687618249475771
0.0044907853089846	,0.5711571167714367
0.0045042326746351	,0.5736140998541882
0.0045181213512109	,0.5761578674756850
0.0045324755438884	,0.5787849256984786
0.0045474208848870	,0.5815263647975151
0.0045630304991301	,0.5843876874081191
0.0045795028949960	,0.5874134170466659
0.0045970323801283	,0.5906313619210187
0.0046160286623095	,0.5941249515397294
0.0046371133612571	,0.5980006780817745
0.0046617192972340	,0.6025303992373814
0.0046939842089608	,0.6084681364652259
0.0047676222954600	,0.6220308600691449
0.0047737308298448	,0.6231538249714970
0.0047815569150956	,0.6245930923081906
0.0048037698889237	,0.6286791662469200
0.0048207475675861	,0.6318004739978177
0.0048373279567416	,0.6348470070390495
0.0048528438579882	,0.6376961458827559
0.0048676077345841	,0.6404053637549834
0.0048817252765590	,0.6429941243970549
0.0048952924277405	,0.6454800884054537
0.0049083818233575	,0.6478766269312596
0.0049210513253679	,0.6501943914242707
0.0049333477772102	,0.6524420049723322
0.0049453097535170	,0.6546265684585179
0.0049569694778237	,0.6567540135823023
0.0049683542058261	,0.6588293574968068
0.0049794872440352	,0.6608568903290463
0.0049903887145197	,0.6628403159590552
0.0050010761388864	,0.6647828595233358
0.0050115648910606	,0.6666873507663449
0.0050218685531691	,0.6685562895544609
0.0050319991987272	,0.6703918980076446
0.0050419676205068	,0.6721961624475415
0.0050517835157605	,0.6739708674954104
0.0050614556381832	,0.6757176240468294
0.0050709919236470	,0.6774378924183717
0.0050803995950503	,0.6791330016495176
0.0050896852503828	,0.6808041657146953
0.0050988549371863	,0.6824524972310395
0.0051079142159034	,0.6840790191205114
0.0051168682140827	,0.6856846745888117
0.0051257216730098	,0.6872703357098749
0.0051344789880224	,0.6888368108478367
0.0051431442435306	,0.6903848511040567
0.0051517212435695	,0.6919151559419305
0.0051602135385666	,0.6934283781146874
0.0051686244488832	,0.6949251279993753
0.0051769570855950	,0.6964059774226232
0.0051852143688997	,0.6978714630495059
0.0051933990444757	,0.6993220893952897
0.0052015136980660	,0.7007583315103609
0.0052095607685178	,0.7021806373808820
0.0052175425594736	,0.7035894300813106
0.0052254612498829	,0.7049851097095866
0.0052333189034759	,0.7063680551313596
0.0052411174773226	,0.7077386255559240
0.0052488588295854	,0.7090971619633953
0.0052565447265538	,0.7104439884000358
0.0052641768490434	,0.7117794131564006
0.0052717567982283	,0.7131037298410819
0.0052792861009658	,0.7144172183612034
0.0052867662146689	,0.7157201458194311
0.0052941985317706	,0.7170127673360858
0.0053015843838241	,0.7182953268038984
0.0053089250452713	,0.7195680575820793
0.0053162217369158	,0.7208311831355932
0.0053234756291248	,0.7220849176248721
0.0053306878447886	,0.7233294664506060
0.0053378594620572	,0.7245650267577562
0.0053449915168769	,0.7257917879024816
0.0053520850053419	,0.7270099318852774
0.0053591408858799	,0.7282196337532945
0.0053661600812837	,0.7294210619744852
0.0053731434806031	,0.7306143787859732
0.0053800919409088	,0.7317997405187946
0.0053870062889381	,0.7329772979009557
0.0053938873226323	,0.7341471963405588
0.0054007358125752	,0.7353095761905927
0.0054075525033389	,0.7364645729968176
0.0054143381147455	,0.7376123177300661
0.0054210933430506	,0.7387529370041382
0.0054278188620540	,0.7398865532803827
0.0054345153241443	,0.7410132850599479
0.0054411833612804	,0.7421332470646068
0.0054478235859162	,0.7432465504069797
0.0054544365918717	,0.7443533027509104
0.0054610229551541	,0.7454536084626878
0.0054675832347329	,0.7465475687537484
0.0054741179732717	,0.7476352818154419
0.0054806276978201	,0.7487168429463986
0.0054871129204678	,0.7497923446729904
0.0054935741389641	,0.7508618768633412
0.0055000118373040	,0.7519255268353083
0.0055064264862843	,0.7529833794588230
0.0055128185440306	,0.7540355172529432
0.0055191884564979	,0.7550820204779608
0.0055255366579452	,0.7561229672228607
0.0055318635713873	,0.7571584334884228
0.0055381696090238	,0.7581884932662296
0.0055444551726472	,0.7592132186138241
0.0055507206540321	,0.7602326797262482
0.0055569664353047	,0.7612469450041732
0.0055631928892957	,0.7622560811188203
0.0055694003798768	,0.7632601530738526
0.0055755892622812	,0.7642592242644179
0.0055817598834100	,0.7652533565334938
0.0055879125821243	,0.7662426102256900
0.0055940476895246	,0.7672270442386474
0.0056001655292180	,0.7682067160721645
0.0056062664175732	,0.7691816818751717
0.0056123506639647	,0.7701519964906721
0.0056184185710069	,0.7711177134987526
0.0056244704347780	,0.7720788852577686
0.0056305065450341	,0.7730355629437975
0.0056365271854150	,0.7739877965884451
0.0056425326336411	,0.7749356351150962
0.0056485231617029	,0.7758791263736815
0.0056544990360421	,0.7768183171740358
0.0056604605177255	,0.7777532533179214
0.0056664078626128	,0.7786839796297764
0.0056723413215170	,0.7796105399862525
0.0056782611403588	,0.7805329773446010
0.0056841675603153	,0.7814513337699612
0.0056900608179625	,0.7823656504616017
0.0056959411454130	,0.7832759677781658
0.0057018087704480	,0.7841823252619663
0.0057076639166448	,0.7850847616623735
0.0057135068034996	,0.7859833149583352
0.0057193376465451	,0.7868780223800749
0.0057251566574650	,0.7877689204299957
0.0057309640442034	,0.7886560449028334
0.0057367600110708	,0.7895394309050865
0.0057425447588463	,0.7904191128737578
0.0057483184848762	,0.7912951245944356
0.0057540813831688	,0.7921674992187444
0.0057598336444868	,0.7930362692811903
0.0057655754564357	,0.7939014667154287
0.0057713070035496	,0.7947631228699763
0.0057770284673740	,0.7956212685233935
0.0057827400265461	,0.7964759338989557
0.0057884418568721	,0.7973271486788368
0.0057941341314020	,0.7981749420178245
0.0057998170205025	,0.7990193425565851
0.0058054906919266	,0.7998603784344975
0.0058111553108819	,0.8006980773020725
0.0058168110400962	,0.8015324663329727
0.0058224580398812	,0.8023635722356520
0.0058280964681942	,0.8031914212646271
0.0058337264806977	,0.8040160392313932
0.0058393482308179	,0.8048374515150035
0.0058449618698000	,0.8056556830723188
0.0058505675467635	,0.8064707584479440
0.0058561654087546	,0.8072827017838620
0.0058617556007973	,0.8080915368287751
0.0058673382659439	,0.8088972869471668
0.0058729135453222	,0.8096999751280924
0.0058784815781833	,0.8104996239937099
0.0058840425019468	,0.8112962558075592
0.0058895964522447	,0.8120898924825998
0.0058951435629650	,0.8128805555890148
0.0059006839662929	,0.8136682663617903
0.0059062177927514	,0.8144530457080768
0.0059117451712413	,0.8152349142143422
0.0059172662290787	,0.8160138921533222
0.0059227810920332	,0.8167899994907749
0.0059282898843634	,0.8175632558920479
0.0059337927288526	,0.8183336807284631
0.0059392897468433	,0.8191012930835243
0.0059447810582701	,0.8198661117589575
0.0059502667816930	,0.8206281552805839
0.0059557470343283	,0.8213874419040369
0.0059612219320802	,0.8221439896203240
0.0059666915895704	,0.8228978161612397
0.0059721561201676	,0.8236489390046371
0.0059776156360162	,0.8243973753795584
0.0059830702480636	,0.8251431422712309
0.0059885200660882	,0.8258862564259349
0.0059939651987251	,0.8266267343557439
0.0059994057534923	,0.8273645923431422
0.0060048418368158	,0.8280998464455266
0.0060102735540541	,0.8288325124995921
0.0060157010095225	,0.8295626061256063
0.0060211243065159	,0.8302901427315778
0.0060265435473322	,0.8310151375173191
0.0060319588332945	,0.8317376054784100
0.0060373702647725	,0.8324575614100611
0.0060427779412044	,0.8331750199108844
0.0060481819611171	,0.8338899953865704
0.0060535824221470	,0.8346025020534770
0.0060589794210593	,0.8353125539421306
0.0060643730537681	,0.8360201649006443
0.0060697634153549	,0.8367253485980533
0.0060751506000870	,0.8374281185275717
0.0060805347014363	,0.8381284880097729
0.0060859158120964	,0.8388264701956945
0.0060912940240001	,0.8395220780698703
0.0060966694283369	,0.8402153244532933
0.0061020421155690	,0.8409062220063087
0.0061074121754476	,0.8415947832314411
0.0061127796970295	,0.8422810204761578
0.0061181447686920	,0.8429649459355670
0.0061235074781484	,0.8436465716550579
0.0061288679124632	,0.8443259095328782
0.0061342261580665	,0.8450029713226576
0.0061395823007685	,0.8456777686358706
0.0061449364257735	,0.8463503129442497
0.0061502886176939	,0.8470206155821404
0.0061556389605636	,0.8476886877488087
0.0061609875378512	,0.8483545405106959
0.0061663344324733	,0.8490181848036249
0.0061716797268070	,0.8496796314349591
0.0061770235027026	,0.8503388910857149
0.0061823658414961	,0.8509959743126287
0.0061877068240206	,0.8516508915501804
0.0061930465306190	,0.8523036531125725
0.0061983850411552	,0.8529542691956705
0.0062037224350254	,0.8536027498788996
0.0062090587911697	,0.8542491051271031
0.0062143941880830	,0.8548933447923622
0.0062197287038257	,0.8555354786157785
0.0062250624160346	,0.8561755162292188
0.0062303954019331	,0.8568134671570243
0.0062357277383419	,0.8574493408176873
0.0062410595016886	,0.8580831465254893
0.0062463907680182	,0.8587148934921112
0.0062517216130025	,0.8593445908282070
0.0062570521119499	,0.8599722475449486
0.0062623823398151	,0.8605978725555385
0.0062677123712080	,0.8612214746766931
0.0062730422804032	,0.8618430626300962
0.0062783721413490	,0.8624626450438250
0.0062837020276765	,0.8630802304537468
0.0062890320127078	,0.8636978273048902
0.0062943448250587	,0.8643094439813804
0.0062996752818427	,0.8649210950592591
0.0063050059997890	,0.8655307759750674
0.0063103371069926	,0.8661385012507745
0.0063156686751816	,0.8667442788764086
0.0063210007760048	,0.8673481167793575
0.0063263334808600	,0.8679500228049872
0.0063316668609022	,0.8685500047178821
0.0063370009870515	,0.8691480702029966
0.0063423359300008	,0.8697442268667863
0.0063476717602232	,0.8703384822383189
0.0063530085479796	,0.8709308437703627
0.0063583463633258	,0.8715213188404571
0.0063636852761200	,0.8721099147519624
0.0063690253560300	,0.8726966387350904
0.0063743666725403	,0.8732814979479165
0.0063797092949587	,0.8738644994773744
0.0063850532924241	,0.8744456503402309
0.0063903987339123	,0.8750249574840451
0.0063957456882437	,0.8756024277881094
0.0064010942240896	,0.8761780680643745
0.0064064444099787	,0.8767518850583571
0.0064117963143040	,0.8773238854500327
0.0064171500053292	,0.8778940758547114
0.0064225055511951	,0.8784624628238997
0.0064278630199259	,0.8790290528461467
0.0064332224794358	,0.8795938523478752
0.0064385839975350	,0.8801568676941990
0.0064439476419360	,0.8807181051897259
0.0064493134802598	,0.8812775710793471
0.0064546815800419	,0.8818352715490135
0.0064600520087387	,0.8823912127264968
0.0064654248337328	,0.8829454006821408
0.0064708001223398	,0.8834978414295976
0.0064761779418134	,0.8840485409265523
0.0064815583593520	,0.8845975050754353
0.0064869414421041	,0.8851447397241238
0.0064923272571741	,0.8856902506666293
0.0064977158716283	,0.8862340436437762
0.0065031073525002	,0.8867761243438681
0.0065085017667966	,0.8873164984033425
0.0065138991815031	,0.8878551714074159
0.0065192996635896	,0.8883921488907183
0.0065247032800158	,0.8889274363379162
0.0065301100977371	,0.8894610391843271
0.0065355201837099	,0.8899929628165228
0.0065409336048969	,0.8905232125729241
0.0065463504282729	,0.8910517937443846
0.0065517707208303	,0.8915787115747668
0.0065571945495839	,0.8921039712615076
0.0065626219815771	,0.8926275779561762
0.0065680530838867	,0.8931495367650212
0.0065734879236285	,0.8936698527495117
0.0065789265679626	,0.8941885309268681
0.0065843690840987	,0.8947055762705849
0.0065898155393015	,0.8952209937109457
0.0065952660008958	,0.8957347881355298
0.0066007205362719	,0.8962469643897119
0.0066061792128909	,0.8967575272771529
0.0066116420982901	,0.8972664815602840
0.0066171092600877	,0.8977738319607826
0.0066225807659887	,0.8982795831600424
0.0066280566837898	,0.8987837397996347
0.0066335370813845	,0.8992863064817636
0.0066390220267687	,0.8997872877697141
0.0066445115880455	,0.9002866881882940
0.0066500058334310	,0.9007845122242687
0.0066555048312586	,0.9012807643267885
0.0066610086499853	,0.9017754489078120
0.0066665173581959	,0.9022685703425212
0.0066720310246092	,0.9027601329697308
0.0066775497180821	,0.9032501410922923
0.0066830735076161	,0.9037385989774913
0.0066886024623612	,0.9042255108574395
0.0066941366516224	,0.9047108809294606
0.0066996761448640	,0.9051947133564709
0.0067052210117153	,0.9056770122673542
0.0067107713219758	,0.9061577817573315
0.0067163271456202	,0.9066370258883254
0.0067218885528043	,0.9071147486893185
0.0067274556138696	,0.9075909541567083
0.0067330283993492	,0.9080656462546548
0.0067386069799725	,0.9085388289154253
0.0067441914266713	,0.9090105060397332
0.0067497818105844	,0.9094806814970724
0.0067553782030636	,0.9099493591260462
0.0067609806756787	,0.9104165427346932
0.0067665893002230	,0.9108822361008065
0.0067722041487188	,0.9113464429722506
0.0067778252934230	,0.9118091670672726
0.0067834528068322	,0.9122704120748090
0.0067890867616887	,0.9127301816547893
0.0067947272309855	,0.9131884794384344
0.0068003742879722	,0.9136453090285512
0.0068060280061606	,0.9141006739998236
0.0068116884593302	,0.9145545778990990
0.0068173557215339	,0.9150070242456707
0.0068230298671037	,0.9154580165315580
0.0068287109706561	,0.9159075582217799
0.0068343991070986	,0.9163556527546277
0.0068400943516345	,0.9168023035419323
0.0068457967797696	,0.9172475139693285
0.0068515064673174	,0.9176912873965158
0.0068572234904054	,0.9181336271575159
0.0068629479254809	,0.9185745365609256
0.0068686798493169	,0.9190140188901684
0.0068744193390180	,0.9194520774037412
0.0068801664720270	,0.9198887153354577
0.0068859213261303	,0.9203239358946897
0.0068916839794645	,0.9207577422666048
0.0068974545105224	,0.9211901376124001
0.0069032329981593	,0.9216211250695340
0.0069090195215993	,0.9220507077519551
0.0069148141604416	,0.9224788887503266
0.0069206169946669	,0.9229056711322496
0.0069264281046438	,0.9233310579424828
0.0069322475711355	,0.9237550522031587
0.0069380754753059	,0.9241776569139981
0.0069439118987269	,0.9245988750525216
0.0069497569233842	,0.9250187095742580
0.0069556106316848	,0.9254371634129500
0.0069614731064635	,0.9258542394807585
0.0069673444309896	,0.9262699406684624
0.0069732246889739	,0.9266842698456578
0.0069791139645759	,0.9270972298609528
0.0069850123424105	,0.9275088235421620
0.0069909199075554	,0.9279190536964967
0.0069968367455581	,0.9283279231107536
0.0070027629424432	,0.9287354345515011
0.0070086985847197	,0.9291415907652629
0.0070146437593887	,0.9295463944787006
0.0070205985539504	,0.9299498483987919
0.0070265630564119	,0.9303519552130085
0.0070325373552949	,0.9307527175894910
0.0070385215396434	,0.9311521381772219
0.0070445156990312	,0.9315502196061959
0.0070505199235703	,0.9319469644875894
0.0070565343039184	,0.9323423754139263
0.0070625589312873	,0.9327364549592434
0.0070685938974508	,0.9331292056792525
0.0070746392947531	,0.9335206301115013
0.0070806952161171	,0.9339107307755323
0.0070867617550528	,0.9342995101730395
0.0070928390056658	,0.9346869707880233
0.0070989270626659	,0.9350731150869438
0.0071050260213762	,0.9354579455188723
0.0071111359777414	,0.9358414645156401
0.0071172570283368	,0.9362236744919874
0.0071233892703779	,0.9366045778457079
0.0071295328017290	,0.9369841769577948
0.0071356877209126	,0.9373624741925815
0.0071418541271187	,0.9377394718978841
0.0071480321202148	,0.9381151724051398
0.0071542218007549	,0.9384895780295446
0.0071604232699894	,0.9388626910701899
0.0071666366298753	,0.9392345138101964
0.0071728619830856	,0.9396050485168473
0.0071790994330202	,0.9399742974417196
0.0071853490838153	,0.9403422628208135
0.0071916110403545	,0.9407089468746819
0.0071978854082787	,0.9410743518085560
0.0072041722939973	,0.9414384798124719
0.0072104718046988	,0.9418013330613932
0.0072167840483616	,0.9421629137153353
0.0072231091337653	,0.9425232239194851
0.0072294471705018	,0.9428822658043217
0.0072357982689868	,0.9432400414857344
0.0072421625404712	,0.9435965530651402
0.0072485400970532	,0.9439518026295991
0.0072549310516897	,0.9443057922519291
0.0072613355182085	,0.9446585239908192
0.0072677536113209	,0.9450099998909413
0.0072741854466333	,0.9453602219830608
0.0072806311406605	,0.9457091922841462
0.0072870908108382	,0.9460569127974775
0.0072935645755357	,0.9464033855127528
0.0073000525540693	,0.9467486124061945
0.0073065548667154	,0.9470925954406537
0.0073130716347243	,0.9474353365657141
0.0073196029803336	,0.9477768377177939
0.0073261490267819	,0.9481171008202470
0.0073327098983237	,0.9484561277834641
0.0073392857202428	,0.9487939205049705
0.0073458766188674	,0.9491304808695246
0.0073524827215847	,0.9494658107492150
0.0073591041568558	,0.9497999120035560
0.0073657410542309	,0.9501327864795822
0.0073723935443650	,0.9504644360119427
0.0073790617590330	,0.9507948624229940
0.0073857458311463	,0.9511240675228907
0.0073924458947683	,0.9514520531096773
0.0073991620851315	,0.9517788209693777
0.0074058945386535	,0.9521043728760835
0.0074126433929543	,0.9524287105920426
0.0074194087868735	,0.9527518358677455
0.0074261908604876	,0.9530737504420114
0.0074329897551278	,0.9533944560420735
0.0074398056133982	,0.9537139543836630
0.0074466385791940	,0.9540322471710924
0.0074534887977198	,0.9543493360973374
0.0074603564155094	,0.9546652228441191
0.0074672415804439	,0.9549799090819843
0.0074741444417722	,0.9552933964703849
0.0074810651501303	,0.9556056866577577
0.0074880038575619	,0.9559167812816015
0.0074949607175383	,0.9562266819685552
0.0075019358849802	,0.9565353903344738
0.0075089295162781	,0.9568429079845040
0.0075159417693143	,0.9571492365131592
0.0075229728034849	,0.9574543775043939
0.0075300227797217	,0.9577583325316762
0.0075370918605154	,0.9580611031580613
0.0075441802099385	,0.9583626909362626
0.0075512879936687	,0.9586630974087226
0.0075584153790128	,0.9589623241076840
0.0075655625349314	,0.9592603725552585
0.0075727296320629	,0.9595572442634961
0.0075799168427495	,0.9598529407344527
0.0075871243410621	,0.9601474634602581
0.0075943523028269	,0.9604408139231824
0.0076016009056516	,0.9607329935957021
0.0076088703289525	,0.9610240039405652
0.0076161607539820	,0.9613138464108567
0.0076234723638568	,0.9616025224500614
0.0076308053435858	,0.9618900334921280
0.0076381598800997	,0.9621763809615322
0.0076455361622802	,0.9624615662733376
0.0076529343809902	,0.9627455908332579
0.0076603547291044	,0.9630284560377178
0.0076677974015405	,0.9633101632739127
0.0076752625952907	,0.9635907139198684
0.0076827505094546	,0.9638701093445002
0.0076902613452716	,0.9641483509076710
0.0076977953061550	,0.9644254399602495
0.0077053525977256	,0.9647013778441668
0.0077129334278470	,0.9649761658924730
0.0077205380066613	,0.9652498054293940
0.0077281665466246	,0.9655222977703856
0.0077358192625444	,0.9657936442221897
0.0077434963716173	,0.9660638460828876
0.0077511980934669	,0.9663329046419545
0.0077589246501832	,0.9666008211803121
0.0077666762663623	,0.9668675969703813
0.0077744531691470	,0.9671332332761350
0.0077822555882683	,0.9673977313531491
0.0077900837560875	,0.9676610924486534
0.0077979379076396	,0.9679233178015828
0.0078058182806767	,0.9681844086426272
0.0078137251157131	,0.9684443661942802
0.0078216586560711	,0.9687031916708894
0.0078296191479275	,0.9689608862787039
0.0078376068403609	,0.9692174512159232
0.0078456219854010	,0.9694728876727438
0.0078536648380772	,0.9697271968314071
0.0078617356564698	,0.9699803798662456
0.0078698347017613	,0.9702324379437290
0.0078779622382893	,0.9704833722225104
0.0078861185335999	,0.9707331838534703
0.0078943038585028	,0.9709818739797627
0.0079025184871276	,0.9712294437368580
0.0079107626969802	,0.9714758942525885
0.0079190367690022	,0.9717212266471903
0.0079273409876299	,0.9719654420333466
0.0079356756408556	,0.9722085415162306
0.0079440410202894	,0.9724505261935471
0.0079524374212235	,0.9726913971555746
0.0079608651426964	,0.9729311554852061
0.0079693244875599	,0.9731698022579900
0.0079778157625467	,0.9734073385421702
0.0079863392783395	,0.9736437653987269
0.0079948953496423	,0.9738790838814150
0.0080034842952524	,0.9741132950368040
0.0080121064381348	,0.9743463999043163
0.0080207621054977	,0.9745783995162661
0.0080294516288697	,0.9748092948978966
0.0080381753441796	,0.9750390870674178
0.0080469335918365	,0.9752677770360438
0.0080557267168132	,0.9754953658080296
0.0080645550687305	,0.9757218543807071
0.0080734190019443	,0.9759472437445214
0.0080823188756335	,0.9761715348830661
0.0080912550538915	,0.9763947287731188
0.0081002279058183	,0.9766168263846761
0.0081092378056161	,0.9768378286809876
0.0081182851326859	,0.9770577366185904
0.0081273702717275	,0.9772765511473426
0.0081364936128412	,0.9774942732104571
0.0081456555516322	,0.9777109037445342
0.0081548564893173	,0.9779264436795944
0.0081640968328342	,0.9781408939391110
0.0081733769949542	,0.9783542554400415
0.0081826973943962	,0.9785665290928601
0.0081920584559447	,0.9787777158015879
0.0082014606105704	,0.9789878164638249
0.0082109042955535	,0.9791968319707798
0.0082203899546102	,0.9794047632073005
0.0082299180380228	,0.9796116110519043
0.0082394890027723	,0.9798173763768071
0.0082491033126749	,0.9800220600479529
0.0082587614385218	,0.9802256629250423
0.0082684638582227	,0.9804281858615618
0.0082782110569528	,0.9806296297048114
0.0082880035273033	,0.9808299952959327
0.0082978417694368	,0.9810292834699369
0.0083077262912457	,0.9812274950557313
0.0083176576085152	,0.9814246308761471
0.0083276362450906	,0.9816206917479654
0.0083376627330491	,0.9818156784819440
0.0083477376128757	,0.9820095918828426
0.0083578614336448	,0.9822024327494497
0.0083680347532054	,0.9823942018746070
0.0083782581383722	,0.9825849000452349
0.0083885321651219	,0.9827745280423568
0.0083988574187945	,0.9829630866411240
0.0084092344943001	,0.9831505766108394
0.0084196639963318	,0.9833369987149819
0.0084301465395843	,0.9835223537112294
0.0084406827489788	,0.9837066423514818
0.0084512732598937	,0.9838898653818844
0.0084619187184024	,0.9840720235428503
0.0084726197815180	,0.9842531175690823
0.0084833771174442	,0.9844331481895953
0.0084941914058340	,0.9846121161277378
0.0085050633380561	,0.9847900221012129
0.0085159936174685	,0.9849668668220998
0.0085269829597003	,0.9851426509968745
0.0085380320929424	,0.9853173753264294
0.0085491417582456	,0.9854910405060945
0.0085603127098288	,0.9856636472256565
0.0085715457153960	,0.9858351961693788
0.0085828415564623	,0.9860056880160194
0.0085942010286911	,0.9861751234388518
0.0086056249422401	,0.9863435031056815
0.0086171141221193	,0.9865108276788657
0.0086286694085589	,0.9866770978153303
0.0086402916573899	,0.9868423141665880
0.0086519817404353	,0.9870064773787551
0.0086637405459148	,0.9871695880925694
0.0086755689788615	,0.9873316469434056
0.0086874679615524	,0.9874926545612925
0.0086994384339527	,0.9876526115709289
0.0087114813541741	,0.9878115185916985
0.0087235976989486	,0.9879693762376862
0.0087357884641174	,0.9881261851176930
0.0087480546651361	,0.9882819458352500
0.0087603973375966	,0.9884366589886330
0.0087728175377667	,0.9885903251708772
0.0087853163431474	,0.9887429449697896
0.0087978948530499	,0.9888945189679640
0.0088105541891910	,0.9890450477427917
0.0088232954963107	,0.9891945318664762
0.0088361199428095	,0.9893429719060444
0.0088490287214089	,0.9894903684233586
0.0088620230498350	,0.9896367219751281
0.0088751041715259	,0.9897820331129203
0.0088882733563645	,0.9899263023831718
0.0089015319014377	,0.9900695303271980
0.0089148811318227	,0.9902117174812037
0.0089283224014024	,0.9903528643762931
0.0089418570937101	,0.9904929715384775
0.0089554866228058	,0.9906320394886857
0.0089692124341850	,0.9907700687427716
0.0089830360057215	,0.9909070598115221
0.0089969588486459	,0.9910430132006647
0.0090109825085614	,0.9911779294108748
0.0090251085664982	,0.9913118089377823
0.0090393386400090	,0.9914446522719769
0.0090536743843072	,0.9915764598990153
0.0090681174934494	,0.9917072322994251
0.0090826697015651	,0.9918369699487103
0.0090973327841353	,0.9919656733173550
0.0091121085593223	,0.9920933428708273
0.0091269988893539	,0.9922199790695828
0.0091420056819635	,0.9923455823690668
0.0091571308918899	,0.9924701532197163
0.0091723765224400	,0.9925936920669620
0.0091877446271156	,0.9927161993512288
0.0092032373113102	,0.9928376755079361
0.0092188567340775	,0.9929581209674981
0.0092346051099759	,0.9930775361553216
0.0092504847109934	,0.9931959214918056
0.0092664978685565	,0.9933132773923387
0.0092826469756269	,0.9934296042672954
0.0092989344888935	,0.9935449025220334
0.0093153629310605	,0.9936591725568883
0.0093319348932412	,0.9937724147671686
0.0093486530374603	,0.9938846295431500
0.0093655200992717	,0.9939958172700678
0.0093825388904990	,0.9941059783281095
0.0093997123021041	,0.9942151130924063
0.0094170433071926	,0.9943232219330229
0.0094345349641633	,0.9944303052149475
0.0094521904200096	,0.9945363632980800
0.0094700129137834	,0.9946413965372194
0.0094880057802287	,0.9947454052820496
0.0095061724535977	,0.9948483898771252
0.0095245164716583	,0.9949503506618551
0.0095430414799058	,0.9950512879704850
0.0095617512359916	,0.9951512021320793
0.0095806496143811	,0.9952500934705004
0.0095997406112569	,0.9953479623043879
0.0096190283496821	,0.9954448089471356
0.0096385170850403	,0.9955406337068667
0.0096582112107705	,0.9956354368864082
0.0096781152644170	,0.9957292187832628
0.0096982339340140	,0.9958219796895796
0.0097185720648279	,0.9959137198921222
0.0097391346664831	,0.9960044396722355
0.0097599269204948	,0.9960941393058103
0.0097809541882401	,0.9961828190632449
0.0098022220193964	,0.9962704792094059
0.0098237361608813	,0.9963571200035851
0.0098455025663296	,0.9964427416994541
0.0098675274061474	,0.9965273445450172
0.0098898170781859	,0.9966109287825601
0.0099123782190801	,0.9966934946485957
0.0099352177163049	,0.9967750423738081
0.0099583427210017	,0.9968555721829908
0.0099817606616377	,0.9969350842949837
0.0100054792585607	,0.9970135789226038
0.0100295065395241	,0.9970910562725742
0.0100538508562585	,0.9971675165454464
0.0100785209021766	,0.9972429599355197
0.0101035257313067	,0.9973173866307545
0.0101288747785562	,0.9973907968126811
0.0101545778814221	,0.9974631906563015
0.0101806453032723	,0.9975345683299871
0.0102070877583359	,0.9976049299953677
0.0102339164385583	,0.9976742758072150
0.0102611430424865	,0.9977426059133181
0.0102887798063767	,0.9978099204543506
0.0103168395377280	,0.9978762195637296
0.0103453356514776	,0.9979415033674651
0.0103742822091113	,0.9980057719839990
0.0104036939609795	,0.9980690255240336
0.0104335863921377	,0.9981312640903485
0.0104639757720705	,0.9981924877776037
0.0104948792087013	,0.9982526966721309
0.0105263147071400	,0.9983118908517071
0.0105583012336763	,0.9983700703853142
0.0105908587855916	,0.9984272353328801
0.0106240084674380	,0.9984833857449998
0.0106577725745170	,0.9985385216626361
0.0106921746843905	,0.9985926431167974
0.0107272397573717	,0.9986457501281891
0.0107629942470754	,0.9986978427068387
0.0107994662222629	,0.9987489208516886
0.0108366855013986	,0.9987989845501565
0.0108746838015439	,0.9988480337776585
0.0109134949034668	,0.9988960684970903
0.0109531548351357	,0.9989430886582636
0.0109937020761163	,0.9989890941972909
0.0110351777857980	,0.9990340850359152
0.0110776260588714	,0.9990780610807752
0.0111210942120647	,0.9991210222226011
0.0111656331068508	,0.9991629683353308
0.0112112975136921	,0.9992038992751365
0.0112581465244214	,0.9992438148793522
0.0113062440206145	,0.9992827149652853
0.0113556592073529	,0.9993205993289014
0.0114064672236707	,0.9993574677433593
0.0114587498433265	,0.9993933199573797
0.0115125962824652	,0.9994281556934187
0.0115681041343987	,0.9994619746456197
0.0116253804563529	,0.9994947764775064
0.0116845430389008	,0.9995265608193763
0.0117457218963131	,0.9995573272653431
0.0118090610257529	,0.9995870753699685
0.0118747204958527	,0.9996158046444067
0.0119428789417798	,0.9996435145519735
0.0120137365658583	,0.9996702045030245
0.0120875187722582	,0.9996958738490049
0.0121644806041598	,0.9997205218754931
0.0122449122065666	,0.9997441477940185
0.0123291456140662	,0.9997667507323659
0.0124175632703026	,0.9997883297230015
0.0125106088399230	,0.9998088836891380
0.0126088010984779	,0.9998284114278030
0.0127127520198989	,0.9998469115890528
0.0128231906888878	,0.9998643826501632
0.0129409954555253	,0.9998808228831731
0.0130672380119850	,0.9998962303134760
0.0132032451514184	,0.9999106026661231
0.0133506875171214	,0.9999239372948747
0.0135117109491627	,0.9999362310864025
0.0136891377539571	,0.9999474803276084
0.0138867882645495	,0.9999576805162135
0.0141100215006722	,0.9999668260802682
0.0143667043243316	,0.9999749099435209
0.0146690987805665	,0.9999819228119329
0.0150379728831473	,0.9999878519098163
0.0155131178045909	,0.9999926784916177
0.0161881034351876	,0.9999963721035545
0.0173992667705110	,0.9999988732331958
0.0183747360712610	,1.0000000000251832
0.8243626792247216	,1.0000000000000040
